time,elapsed_seconds,message
2022-12-23 18:09:29,2.5177e-05,PEST++ performance logger started
2022-12-23 18:09:29,0.000294921,starting to process control file
2022-12-23 18:09:29,0.0101291,finished processing control file
2022-12-23 18:09:29,0.00316546,initializing MOEA process
2022-12-23 18:09:29,0.000536896,using 'nsga2' env selector
2022-12-23 18:09:29,1.3211e-05,using binary tournament mating pool selector
2022-12-23 18:09:29,1.59e-05,saving generation specific populations and archives every nth generation 1
2022-12-23 18:09:29,0.00020303,'opt_dec_var_groups' passed, using 10 adjustable parameters as decision variables
2022-12-23 18:09:29,3.1177e-05,number of decision variables:  10
2022-12-23 18:09:29,1.1474e-05,max run fail:  3
2022-12-23 18:09:29,1.0496e-05,'opt_chance_points' = ALL, evaluting chance at all population members
2022-12-23 18:09:29,0.000222223,'mou_risk_objective' is true, using _RISK_ decision variable as risk in chance calcs
2022-12-23 18:09:29,3.3506e-05,initializing constraints
2022-12-23 18:09:29,0.000266429,initializing chance constraints/objectives
2022-12-23 18:09:29,2.4681e-05,processing par stack file pestpp_ies.2.par.cc.opt.csv
2022-12-23 18:09:29,6.28e-06,loading par stack from csv file: pestpp_ies.2.par.cc.opt.csv
2022-12-23 18:09:29,0.0776721,using differential evolution generator
2022-12-23 18:09:29,4.2609e-05,processing dv population file dv_pop_init.csv
2022-12-23 18:09:29,1.3333e-05,loading dv population from csv file dv_pop_init.csv
2022-12-23 18:09:29,0.00727456,dv population with 30 members read from 'dv_pop_init.csv'

2022-12-23 18:09:29,0.000384299,checking for denormal values in dv population
2022-12-23 18:09:29,0.00911985, saved initial dv population to  pestpp_mou_cc.0.dv_pop.csv
2022-12-23 18:09:29,1.0202e-05,running initial population
2022-12-23 18:09:29,1.2035e-05,running initial population of size 30
2022-12-23 18:09:29,0.000656718,queuing up nested-sets of chance runs for decision-variable ensemble 
2022-12-23 18:09:29,0.000234101,building stack-based parameter runs
2022-12-23 18:09:29,0.0338246,building stack-based parameter runs
2022-12-23 18:09:29,0.0344778,building stack-based parameter runs
2022-12-23 18:09:29,0.0350942,building stack-based parameter runs
2022-12-23 18:09:29,0.0355047,building stack-based parameter runs
2022-12-23 18:09:29,0.0359273,building stack-based parameter runs
2022-12-23 18:09:29,0.0365357,building stack-based parameter runs
2022-12-23 18:09:29,0.0370296,building stack-based parameter runs
2022-12-23 18:09:30,0.0375784,building stack-based parameter runs
2022-12-23 18:09:30,0.0380087,building stack-based parameter runs
2022-12-23 18:09:30,0.0385687,building stack-based parameter runs
2022-12-23 18:09:30,0.0391443,building stack-based parameter runs
2022-12-23 18:09:30,0.0396633,building stack-based parameter runs
2022-12-23 18:09:30,0.0402148,building stack-based parameter runs
2022-12-23 18:09:30,0.0404893,building stack-based parameter runs
2022-12-23 18:09:30,0.0411931,building stack-based parameter runs
2022-12-23 18:09:30,0.0418208,building stack-based parameter runs
2022-12-23 18:09:30,0.0421804,building stack-based parameter runs
2022-12-23 18:09:30,0.0426373,building stack-based parameter runs
2022-12-23 18:09:30,0.043034,building stack-based parameter runs
2022-12-23 18:09:30,0.0437503,building stack-based parameter runs
2022-12-23 18:09:30,0.044382,building stack-based parameter runs
2022-12-23 18:09:30,0.0447436,building stack-based parameter runs
2022-12-23 18:09:30,0.0452346,building stack-based parameter runs
2022-12-23 18:09:30,0.0458152,building stack-based parameter runs
2022-12-23 18:09:30,0.0463146,building stack-based parameter runs
2022-12-23 18:09:30,0.0469114,building stack-based parameter runs
2022-12-23 18:09:30,0.0474482,building stack-based parameter runs
2022-12-23 18:09:30,0.0477508,building stack-based parameter runs
2022-12-23 18:09:30,0.0484481,building stack-based parameter runs
2022-12-23 18:09:31,1.02016,running population of size  30
2022-12-23 18:09:31,2.381e-05,queuing 30 runs
2022-12-23 18:09:31,0.00640977,making runs
2022-12-24 02:18:40,29348.6,processing runs
2022-12-24 02:18:40,0.0364003,processing stack runs for realization GEN=0_MEMBER=0
2022-12-24 02:18:40,0.0702337,WARNING: 3 stack runs failed for realization GEN=0_MEMBER=0, dropped...
2022-12-24 02:18:40,0.00114334,processing stack runs for realization GEN=0_MEMBER=1
2022-12-24 02:18:40,0.0688928,WARNING: 4 stack runs failed for realization GEN=0_MEMBER=1, dropped...
2022-12-24 02:18:40,0.00329005,processing stack runs for realization GEN=0_MEMBER=10
2022-12-24 02:18:40,0.0688025,WARNING: 3 stack runs failed for realization GEN=0_MEMBER=10, dropped...
2022-12-24 02:18:40,0.00430454,processing stack runs for realization GEN=0_MEMBER=11
2022-12-24 02:18:40,0.0684592,WARNING: 3 stack runs failed for realization GEN=0_MEMBER=11, dropped...
2022-12-24 02:18:40,0.0053374,processing stack runs for realization GEN=0_MEMBER=12
2022-12-24 02:18:40,0.0690171,WARNING: 1 stack runs failed for realization GEN=0_MEMBER=12, dropped...
2022-12-24 02:18:40,0.00581496,processing stack runs for realization GEN=0_MEMBER=13
2022-12-24 02:18:40,0.0687962,WARNING: 2 stack runs failed for realization GEN=0_MEMBER=13, dropped...
2022-12-24 02:18:41,0.0067757,processing stack runs for realization GEN=0_MEMBER=14
2022-12-24 02:18:41,0.0684515,WARNING: 3 stack runs failed for realization GEN=0_MEMBER=14, dropped...
2022-12-24 02:18:41,0.00831908,processing stack runs for realization GEN=0_MEMBER=15
2022-12-24 02:18:41,0.0683749,WARNING: 3 stack runs failed for realization GEN=0_MEMBER=15, dropped...
2022-12-24 02:18:41,0.00846975,processing stack runs for realization GEN=0_MEMBER=16
2022-12-24 02:18:41,0.0685217,WARNING: 3 stack runs failed for realization GEN=0_MEMBER=16, dropped...
2022-12-24 02:18:41,0.00938242,processing stack runs for realization GEN=0_MEMBER=17
2022-12-24 02:18:41,0.068397,WARNING: 3 stack runs failed for realization GEN=0_MEMBER=17, dropped...
2022-12-24 02:18:41,0.0113211,processing stack runs for realization GEN=0_MEMBER=18
2022-12-24 02:18:41,0.0687772,WARNING: 1 stack runs failed for realization GEN=0_MEMBER=18, dropped...
2022-12-24 02:18:41,0.0112225,processing stack runs for realization GEN=0_MEMBER=19
2022-12-24 02:18:41,0.0682415,WARNING: 4 stack runs failed for realization GEN=0_MEMBER=19, dropped...
2022-12-24 02:18:41,0.0121645,processing stack runs for realization GEN=0_MEMBER=2
2022-12-24 02:18:41,0.0681811,WARNING: 4 stack runs failed for realization GEN=0_MEMBER=2, dropped...
2022-12-24 02:18:41,0.0148676,processing stack runs for realization GEN=0_MEMBER=20
2022-12-24 02:18:41,0.0688479,WARNING: 3 stack runs failed for realization GEN=0_MEMBER=20, dropped...
2022-12-24 02:18:41,0.015541,processing stack runs for realization GEN=0_MEMBER=21
2022-12-24 02:18:41,0.0686609,WARNING: 2 stack runs failed for realization GEN=0_MEMBER=21, dropped...
2022-12-24 02:18:41,0.0166155,processing stack runs for realization GEN=0_MEMBER=22
2022-12-24 02:18:41,0.068553,WARNING: 3 stack runs failed for realization GEN=0_MEMBER=22, dropped...
2022-12-24 02:18:41,0.0176142,processing stack runs for realization GEN=0_MEMBER=23
2022-12-24 02:18:41,0.0687297,WARNING: 2 stack runs failed for realization GEN=0_MEMBER=23, dropped...
2022-12-24 02:18:41,0.0186939,processing stack runs for realization GEN=0_MEMBER=24
2022-12-24 02:18:41,0.0684608,WARNING: 3 stack runs failed for realization GEN=0_MEMBER=24, dropped...
2022-12-24 02:18:41,0.0196784,processing stack runs for realization GEN=0_MEMBER=25
2022-12-24 02:18:42,0.0689517,WARNING: 2 stack runs failed for realization GEN=0_MEMBER=25, dropped...
2022-12-24 02:18:42,0.0208494,processing stack runs for realization GEN=0_MEMBER=26
2022-12-24 02:18:42,0.0688014,WARNING: 2 stack runs failed for realization GEN=0_MEMBER=26, dropped...
2022-12-24 02:18:42,0.0219309,processing stack runs for realization GEN=0_MEMBER=27
2022-12-24 02:18:42,0.0685892,WARNING: 3 stack runs failed for realization GEN=0_MEMBER=27, dropped...
2022-12-24 02:18:42,0.0228499,processing stack runs for realization GEN=0_MEMBER=28
2022-12-24 02:18:42,0.0690904,WARNING: 2 stack runs failed for realization GEN=0_MEMBER=28, dropped...
2022-12-24 02:18:42,0.0240024,processing stack runs for realization GEN=0_MEMBER=29
2022-12-24 02:18:42,0.0687805,WARNING: 2 stack runs failed for realization GEN=0_MEMBER=29, dropped...
2022-12-24 02:18:42,0.0251124,processing stack runs for realization GEN=0_MEMBER=3
2022-12-24 02:18:42,0.0685184,WARNING: 4 stack runs failed for realization GEN=0_MEMBER=3, dropped...
2022-12-24 02:18:42,0.0262135,processing stack runs for realization GEN=0_MEMBER=4
2022-12-24 02:18:42,0.0687556,WARNING: 2 stack runs failed for realization GEN=0_MEMBER=4, dropped...
2022-12-24 02:18:42,0.0272036,processing stack runs for realization GEN=0_MEMBER=5
2022-12-24 02:18:42,0.068706,WARNING: 2 stack runs failed for realization GEN=0_MEMBER=5, dropped...
2022-12-24 02:18:42,0.0282353,processing stack runs for realization GEN=0_MEMBER=6
2022-12-24 02:18:42,0.0688631,WARNING: 2 stack runs failed for realization GEN=0_MEMBER=6, dropped...
2022-12-24 02:18:42,0.0292988,processing stack runs for realization GEN=0_MEMBER=7
2022-12-24 02:18:42,0.0689883,WARNING: 1 stack runs failed for realization GEN=0_MEMBER=7, dropped...
2022-12-24 02:18:42,0.0304243,processing stack runs for realization GEN=0_MEMBER=8
2022-12-24 02:18:43,0.0684457,WARNING: 4 stack runs failed for realization GEN=0_MEMBER=8, dropped...
2022-12-24 02:18:43,0.0314595,processing stack runs for realization GEN=0_MEMBER=9
2022-12-24 02:18:43,0.0696323,WARNING: 3 stack runs failed for realization GEN=0_MEMBER=9, dropped...
2022-12-24 02:18:47,4.05816, saved observation population to  pestpp_mou_cc.0.obs_pop.csv
2022-12-24 02:18:47,2.5502e-05,initial population decision variable summary:
2022-12-24 02:18:47,0.00100121,initial population objective function summary:
2022-12-24 02:18:47,0.0146214,risk-shifting observation population using 'ALL' decision variable solutions as chance points
2022-12-24 02:18:47,0.039918, saved chance-shifted observation population to  pestpp_mou_cc.0.obs_pop.chance.csv
2022-12-24 02:18:47,9.8117e-05,chance-shifted initial population objective function summary
2022-12-24 02:18:47,0.0150544, saved initial dv population to  pestpp_mou_cc.0.dv_pop.csv
2022-12-24 02:18:47,1.7218e-05,performing initial pareto dominance sort
2022-12-24 02:18:47,6.2671e-05,ParetoObjectives::get_nsga2_pareto_dominance() for 30 population members
2022-12-24 02:18:47,8.47e-06,ParetoObjectives::update() for  30 population members
2022-12-24 02:18:47,5.955e-06,preparing fast-lookup containers
2022-12-24 02:18:47,0.00521012,checking for duplicate solutions
2022-12-24 02:18:47,0.000349105,feasible sorting
2022-12-24 02:18:47,0.00482817,calculating fitness
2022-12-24 02:18:47,1.1884e-05,get_spea_fitness
2022-12-24 02:18:47,0.000783522,fill domination containers
2022-12-24 02:18:47,0.00121269,pareto front sorting
2022-12-24 02:18:47,8.236e-06,starting 'fast non-dom sort
2022-12-24 02:18:47,6.096e-06,fill domination containers
2022-12-24 02:18:47,0.000682895,finding first front
2022-12-24 02:18:47,1.0588e-05,sorting remaining fronts
2022-12-24 02:18:47,0.0009431,initialized archives with 5 nondominated members
2022-12-24 02:18:47,1.0438e-05,ParetoObjectives::get_nsga2_pareto_dominance() for 5 population members
2022-12-24 02:18:47,7.012e-06,ParetoObjectives::update() for  5 population members
2022-12-24 02:18:47,5.801e-06,preparing fast-lookup containers
2022-12-24 02:18:47,0.000373027,checking for duplicate solutions
2022-12-24 02:18:47,2.6795e-05,feasible sorting
2022-12-24 02:18:47,0.000912905,calculating fitness
2022-12-24 02:18:47,9.846e-06,get_spea_fitness
2022-12-24 02:18:47,4.3166e-05,fill domination containers
2022-12-24 02:18:47,6.393e-05,pareto front sorting
2022-12-24 02:18:47,7.194e-06,starting 'fast non-dom sort
2022-12-24 02:18:47,5.909e-06,fill domination containers
2022-12-24 02:18:47,4.0042e-05,finding first front
2022-12-24 02:18:47,8.547e-06,sorting remaining fronts
2022-12-24 02:18:47,0.00152559, saved decision variable population of size 5 X 72 to 'pestpp_mou_cc.archive.dv_pop.csv'
2022-12-24 02:18:47,0.00138301, saved generation-specific decision variable population of size 5 X 72 to 'pestpp_mou_cc.0.archive.dv_pop.csv'
2022-12-24 02:18:47,0.00243001, saved observation population of size 5 X 181 to 'pestpp_mou_cc.archive.obs_pop.csv'
2022-12-24 02:18:47,0.00240671, saved generation-specific observation population of size 5 X 181 to 'pestpp_mou_cc.0.archive.obs_pop.csv'
2022-12-24 02:18:47,0.000265993,using member GEN=0_MEMBER=7 as nearest-to-mean single point
    with distance of 16.7257 from mean of decision variable population
2022-12-24 02:18:47,0.00971609,initialization complete
2022-12-24 02:18:47,3.8628e-05,starting generation  1
2022-12-24 02:18:47,1.4698e-05,ParetoObjectives::get_nsga2_pareto_dominance() for 30 population members
2022-12-24 02:18:47,7.096e-06,ParetoObjectives::update() for  30 population members
2022-12-24 02:18:47,5.59e-06,preparing fast-lookup containers
2022-12-24 02:18:47,0.00517718,checking for duplicate solutions
2022-12-24 02:18:47,0.000338318,feasible sorting
2022-12-24 02:18:47,0.00484465,calculating fitness
2022-12-24 02:18:47,1.1462e-05,get_spea_fitness
2022-12-24 02:18:47,0.000763851,fill domination containers
2022-12-24 02:18:47,0.00120827,pareto front sorting
2022-12-24 02:18:47,8.148e-06,starting 'fast non-dom sort
2022-12-24 02:18:47,5.993e-06,fill domination containers
2022-12-24 02:18:47,0.000681165,finding first front
2022-12-24 02:18:47,1.0392e-05,sorting remaining fronts
2022-12-24 02:18:47,0.000324882,generating diffevol population of size 30
2022-12-24 02:18:47,0.016709,running population of size  30
2022-12-24 02:18:47,1.4983e-05,queuing 30 runs
2022-12-24 02:18:47,0.00627559,making runs
2022-12-24 02:30:32,705.652,processing runs
2022-12-24 02:30:32,0.0231928, saved decision variable population of size 30 X 72 to 'pestpp_mou_cc.dv_pop.csv'
2022-12-24 02:30:32,0.0088883, saved generation-specific decision variable population of size 30 X 72 to 'pestpp_mou_cc.1.dv_pop.csv'
2022-12-24 02:30:33,0.0157227, saved observation population of size 30 X 181 to 'pestpp_mou_cc.obs_pop.csv'
2022-12-24 02:30:33,0.0158346, saved generation-specific observation population of size 30 X 181 to 'pestpp_mou_cc.1.obs_pop.csv'
2022-12-24 02:30:33,0.0088902,using member GEN=0_MEMBER=7 as nearest-to-mean single point
    with distance of 16.7257 from mean of decision variable population
2022-12-24 02:30:33,0.000568192,risk-shifting observation population using 'ALL' decision variable solutions as chance points
2022-12-24 02:30:33,0.0379784, saved decision variable population of size 30 X 72 to 'pestpp_mou_cc.chance.dv_pop.csv'
2022-12-24 02:30:33,0.00890242, saved generation-specific decision variable population of size 30 X 72 to 'pestpp_mou_cc.1.chance.dv_pop.csv'
2022-12-24 02:30:33,0.0156802, saved observation population of size 30 X 181 to 'pestpp_mou_cc.chance.obs_pop.csv'
2022-12-24 02:30:33,0.0156575, saved generation-specific observation population of size 30 X 181 to 'pestpp_mou_cc.1.chance.obs_pop.csv'
2022-12-24 02:30:33,0.00103677,ParetoObjectives::update() for  60 population members
2022-12-24 02:30:33,1.3474e-05,preparing fast-lookup containers
2022-12-24 02:30:33,0.0103908,checking for duplicate solutions
2022-12-24 02:30:33,0.00129775,feasible sorting
2022-12-24 02:30:33,0.00966177,calculating fitness
2022-12-24 02:30:33,1.4933e-05,get_spea_fitness
2022-12-24 02:30:33,0.00305433,fill domination containers
2022-12-24 02:30:33,0.00463054,pareto front sorting
2022-12-24 02:30:33,1.0712e-05,starting 'fast non-dom sort
2022-12-24 02:30:33,6.958e-06,fill domination containers
2022-12-24 02:30:33,0.00196221,finding first front
2022-12-24 02:30:33,1.363e-05,sorting remaining fronts
2022-12-24 02:30:33,0.000259874,ParetoObjectives::get_nsga2_pareto_dominance() for 60 population members
2022-12-24 02:30:33,8.542e-06,ParetoObjectives::update() for  60 population members
2022-12-24 02:30:33,6.264e-06,preparing fast-lookup containers
2022-12-24 02:30:33,0.010414,checking for duplicate solutions
2022-12-24 02:30:33,0.00129634,feasible sorting
2022-12-24 02:30:33,0.00982192,calculating fitness
2022-12-24 02:30:33,1.9094e-05,get_spea_fitness
2022-12-24 02:30:33,0.00304396,fill domination containers
2022-12-24 02:30:33,0.00471396,pareto front sorting
2022-12-24 02:30:33,9.866e-06,starting 'fast non-dom sort
2022-12-24 02:30:33,6.467e-06,fill domination containers
2022-12-24 02:30:33,0.00196332,finding first front
2022-12-24 02:30:33,1.3359e-05,sorting remaining fronts
2022-12-24 02:30:33,0.000977974,pareto dominance sorting combined parent-child populations of size  60
2022-12-24 02:30:33,1.2488e-05,ParetoObjectives::get_nsga2_pareto_dominance() for 60 population members
2022-12-24 02:30:33,7.151e-06,ParetoObjectives::update() for  60 population members
2022-12-24 02:30:33,5.833e-06,preparing fast-lookup containers
2022-12-24 02:30:33,0.0105232,checking for duplicate solutions
2022-12-24 02:30:33,0.00130924,feasible sorting
2022-12-24 02:30:33,0.00976529,calculating fitness
2022-12-24 02:30:33,1.2475e-05,get_spea_fitness
2022-12-24 02:30:33,0.00305118,fill domination containers
2022-12-24 02:30:33,0.00469709,pareto front sorting
2022-12-24 02:30:33,1.0702e-05,starting 'fast non-dom sort
2022-12-24 02:30:33,6.845e-06,fill domination containers
2022-12-24 02:30:33,0.00201974,finding first front
2022-12-24 02:30:33,1.3508e-05,sorting remaining fronts
2022-12-24 02:30:33,0.00138193,updating archive
2022-12-24 02:30:33,2.3513e-05,adding 5 non-dominated members to archive
2022-12-24 02:30:33,0.000154162,pareto dominance sorting archive of size 10
2022-12-24 02:30:33,1.0001e-05,ParetoObjectives::get_nsga2_pareto_dominance() for 10 population members
2022-12-24 02:30:33,6.869e-06,ParetoObjectives::update() for  10 population members
2022-12-24 02:30:33,5.747e-06,preparing fast-lookup containers
2022-12-24 02:30:33,0.000727969,checking for duplicate solutions
2022-12-24 02:30:33,5.9519e-05,feasible sorting
2022-12-24 02:30:33,0.00172062,calculating fitness
2022-12-24 02:30:33,1.0161e-05,get_spea_fitness
2022-12-24 02:30:33,0.000111278,fill domination containers
2022-12-24 02:30:33,0.000183918,pareto front sorting
2022-12-24 02:30:33,8.091e-06,starting 'fast non-dom sort
2022-12-24 02:30:33,6.09e-06,fill domination containers
2022-12-24 02:30:33,0.000134684,finding first front
2022-12-24 02:30:33,1.0498e-05,sorting remaining fronts
2022-12-24 02:30:33,0.000233128,resizing archive from 10 to 8 current non-dominated solutions
2022-12-24 02:30:33,0.00249241, saved decision variable population of size 8 X 72 to 'pestpp_mou_cc.archive.dv_pop.csv'
2022-12-24 02:30:33,0.00223611, saved generation-specific decision variable population of size 8 X 72 to 'pestpp_mou_cc.1.archive.dv_pop.csv'
2022-12-24 02:30:33,0.00435373, saved observation population of size 8 X 181 to 'pestpp_mou_cc.archive.obs_pop.csv'
2022-12-24 02:30:33,0.00428425, saved generation-specific observation population of size 8 X 181 to 'pestpp_mou_cc.1.archive.obs_pop.csv'
2022-12-24 02:30:33,5.2775e-05,resizing current populations to  30
2022-12-24 02:30:33,0.000568213,generation 1 decision variable summary:
2022-12-24 02:30:33,0.000979217,generation 1 decision variable change summary:
2022-12-24 02:30:33,0.000170869,generation 1 objective function summary:
2022-12-24 02:30:33,0.00612965,generation 1 objective function change summary:
2022-12-24 02:30:33,0.00875289,starting generation  2
2022-12-24 02:30:33,2.16e-05,ParetoObjectives::get_nsga2_pareto_dominance() for 30 population members
2022-12-24 02:30:33,8.272e-06,ParetoObjectives::update() for  30 population members
2022-12-24 02:30:33,5.756e-06,preparing fast-lookup containers
2022-12-24 02:30:33,0.00545139,checking for duplicate solutions
2022-12-24 02:30:33,0.000335582,feasible sorting
2022-12-24 02:30:33,0.00497274,calculating fitness
2022-12-24 02:30:33,1.2102e-05,get_spea_fitness
2022-12-24 02:30:33,0.00082665,fill domination containers
2022-12-24 02:30:33,0.00122955,pareto front sorting
2022-12-24 02:30:33,8.907e-06,starting 'fast non-dom sort
2022-12-24 02:30:33,6.324e-06,fill domination containers
2022-12-24 02:30:33,0.00107169,finding first front
2022-12-24 02:30:33,1.2416e-05,sorting remaining fronts
2022-12-24 02:30:33,0.000434083,generating diffevol population of size 30
2022-12-24 02:30:33,0.00344906,running population of size  30
2022-12-24 02:30:33,1.4883e-05,queuing 30 runs
2022-12-24 02:30:33,0.00629253,making runs
2022-12-24 02:42:18,705.294,processing runs
2022-12-24 02:42:18,0.0252273, saved decision variable population of size 30 X 72 to 'pestpp_mou_cc.dv_pop.csv'
2022-12-24 02:42:18,0.00879097, saved generation-specific decision variable population of size 30 X 72 to 'pestpp_mou_cc.2.dv_pop.csv'
2022-12-24 02:42:18,0.0143113, saved observation population of size 30 X 181 to 'pestpp_mou_cc.obs_pop.csv'
2022-12-24 02:42:18,0.0142742, saved generation-specific observation population of size 30 X 181 to 'pestpp_mou_cc.2.obs_pop.csv'
2022-12-24 02:42:18,0.00881062,using member GEN=0_MEMBER=16 as nearest-to-mean single point
    with distance of 16.5319 from mean of decision variable population
2022-12-24 02:42:18,0.000548631,risk-shifting observation population using 'ALL' decision variable solutions as chance points
2022-12-24 02:42:18,0.0375504, saved decision variable population of size 30 X 72 to 'pestpp_mou_cc.chance.dv_pop.csv'
2022-12-24 02:42:18,0.00879003, saved generation-specific decision variable population of size 30 X 72 to 'pestpp_mou_cc.2.chance.dv_pop.csv'
2022-12-24 02:42:18,0.0143011, saved observation population of size 30 X 181 to 'pestpp_mou_cc.chance.obs_pop.csv'
2022-12-24 02:42:18,0.0142477, saved generation-specific observation population of size 30 X 181 to 'pestpp_mou_cc.2.chance.obs_pop.csv'
2022-12-24 02:42:18,0.00103797,ParetoObjectives::update() for  60 population members
2022-12-24 02:42:18,1.209e-05,preparing fast-lookup containers
2022-12-24 02:42:18,0.0103549,checking for duplicate solutions
2022-12-24 02:42:18,0.00130179,feasible sorting
2022-12-24 02:42:18,0.00958025,calculating fitness
2022-12-24 02:42:18,1.5672e-05,get_spea_fitness
2022-12-24 02:42:18,0.0030788,fill domination containers
2022-12-24 02:42:18,0.00462923,pareto front sorting
2022-12-24 02:42:18,9.825e-06,starting 'fast non-dom sort
2022-12-24 02:42:18,6.587e-06,fill domination containers
2022-12-24 02:42:18,0.0020691,finding first front
2022-12-24 02:42:18,1.3761e-05,sorting remaining fronts
2022-12-24 02:42:18,0.000220138,ParetoObjectives::get_nsga2_pareto_dominance() for 60 population members
2022-12-24 02:42:18,8.326e-06,ParetoObjectives::update() for  60 population members
2022-12-24 02:42:18,6.145e-06,preparing fast-lookup containers
2022-12-24 02:42:18,0.0103527,checking for duplicate solutions
2022-12-24 02:42:18,0.00130431,feasible sorting
2022-12-24 02:42:18,0.0096482,calculating fitness
2022-12-24 02:42:18,1.3034e-05,get_spea_fitness
2022-12-24 02:42:18,0.00306514,fill domination containers
2022-12-24 02:42:18,0.00462612,pareto front sorting
2022-12-24 02:42:18,9.854e-06,starting 'fast non-dom sort
2022-12-24 02:42:18,6.616e-06,fill domination containers
2022-12-24 02:42:18,0.00208198,finding first front
2022-12-24 02:42:18,1.3812e-05,sorting remaining fronts
2022-12-24 02:42:18,0.00097601,pareto dominance sorting combined parent-child populations of size  60
2022-12-24 02:42:18,1.2216e-05,ParetoObjectives::get_nsga2_pareto_dominance() for 60 population members
2022-12-24 02:42:18,7.206e-06,ParetoObjectives::update() for  60 population members
2022-12-24 02:42:18,6.032e-06,preparing fast-lookup containers
2022-12-24 02:42:18,0.0104822,checking for duplicate solutions
2022-12-24 02:42:18,0.00131331,feasible sorting
2022-12-24 02:42:18,0.0101302,calculating fitness
2022-12-24 02:42:18,2.8936e-05,get_spea_fitness
2022-12-24 02:42:18,0.00309872,fill domination containers
2022-12-24 02:42:18,0.00468537,pareto front sorting
2022-12-24 02:42:18,1.0987e-05,starting 'fast non-dom sort
2022-12-24 02:42:18,6.494e-06,fill domination containers
2022-12-24 02:42:18,0.00208363,finding first front
2022-12-24 02:42:18,1.3403e-05,sorting remaining fronts
2022-12-24 02:42:18,0.00141029,updating archive
2022-12-24 02:42:18,2.911e-05,adding 5 non-dominated members to archive
2022-12-24 02:42:18,0.000186218,pareto dominance sorting archive of size 13
2022-12-24 02:42:18,1.6378e-05,ParetoObjectives::get_nsga2_pareto_dominance() for 13 population members
2022-12-24 02:42:18,6.816e-06,ParetoObjectives::update() for  13 population members
2022-12-24 02:42:18,5.658e-06,preparing fast-lookup containers
2022-12-24 02:42:18,0.000948697,checking for duplicate solutions
2022-12-24 02:42:18,8.3141e-05,feasible sorting
2022-12-24 02:42:18,0.0021934,calculating fitness
2022-12-24 02:42:18,9.718e-06,get_spea_fitness
2022-12-24 02:42:18,0.000175052,fill domination containers
2022-12-24 02:42:18,0.00028229,pareto front sorting
2022-12-24 02:42:18,7.599e-06,starting 'fast non-dom sort
2022-12-24 02:42:18,5.861e-06,fill domination containers
2022-12-24 02:42:18,0.000217043,finding first front
2022-12-24 02:42:18,1.0646e-05,sorting remaining fronts
2022-12-24 02:42:18,0.000285909,resizing archive from 13 to 9 current non-dominated solutions
2022-12-24 02:42:18,0.00258374, saved decision variable population of size 9 X 72 to 'pestpp_mou_cc.archive.dv_pop.csv'
2022-12-24 02:42:18,0.00243757, saved generation-specific decision variable population of size 9 X 72 to 'pestpp_mou_cc.2.archive.dv_pop.csv'
2022-12-24 02:42:18,0.0043431, saved observation population of size 9 X 181 to 'pestpp_mou_cc.archive.obs_pop.csv'
2022-12-24 02:42:18,0.00431455, saved generation-specific observation population of size 9 X 181 to 'pestpp_mou_cc.2.archive.obs_pop.csv'
2022-12-24 02:42:18,5.1018e-05,resizing current populations to  30
2022-12-24 02:42:18,0.000560501,generation 2 decision variable summary:
2022-12-24 02:42:18,0.000973363,generation 2 decision variable change summary:
2022-12-24 02:42:18,0.000150827,generation 2 objective function summary:
2022-12-24 02:42:18,0.00597917,generation 2 objective function change summary:
2022-12-24 02:42:18,0.00860964,starting generation  3
2022-12-24 02:42:18,2.0372e-05,ParetoObjectives::get_nsga2_pareto_dominance() for 30 population members
2022-12-24 02:42:18,7.742e-06,ParetoObjectives::update() for  30 population members
2022-12-24 02:42:18,5.766e-06,preparing fast-lookup containers
2022-12-24 02:42:18,0.00532547,checking for duplicate solutions
2022-12-24 02:42:18,0.000339704,feasible sorting
2022-12-24 02:42:18,0.00495405,calculating fitness
2022-12-24 02:42:18,1.0606e-05,get_spea_fitness
2022-12-24 02:42:18,0.000772594,fill domination containers
2022-12-24 02:42:18,0.00120833,pareto front sorting
2022-12-24 02:42:18,7.976e-06,starting 'fast non-dom sort
2022-12-24 02:42:18,6.074e-06,fill domination containers
2022-12-24 02:42:18,0.00109457,finding first front
2022-12-24 02:42:18,1.5388e-05,sorting remaining fronts
2022-12-24 02:42:18,0.000402882,generating diffevol population of size 30
2022-12-24 02:42:18,0.00337022,running population of size  30
2022-12-24 02:42:18,1.3803e-05,queuing 30 runs
2022-12-24 02:42:18,0.00623695,making runs
2022-12-24 02:54:06,707.224,processing runs
2022-12-24 02:54:06,0.0260823, saved decision variable population of size 30 X 72 to 'pestpp_mou_cc.dv_pop.csv'
2022-12-24 02:54:06,0.00877811, saved generation-specific decision variable population of size 30 X 72 to 'pestpp_mou_cc.3.dv_pop.csv'
2022-12-24 02:54:06,0.0143214, saved observation population of size 30 X 181 to 'pestpp_mou_cc.obs_pop.csv'
2022-12-24 02:54:06,0.0142775, saved generation-specific observation population of size 30 X 181 to 'pestpp_mou_cc.3.obs_pop.csv'
2022-12-24 02:54:06,0.00932392,using member GEN=0_MEMBER=9 as nearest-to-mean single point
    with distance of 16.5935 from mean of decision variable population
2022-12-24 02:54:06,0.000617126,risk-shifting observation population using 'ALL' decision variable solutions as chance points
2022-12-24 02:54:06,0.0376093, saved decision variable population of size 30 X 72 to 'pestpp_mou_cc.chance.dv_pop.csv'
2022-12-24 02:54:06,0.00877998, saved generation-specific decision variable population of size 30 X 72 to 'pestpp_mou_cc.3.chance.dv_pop.csv'
2022-12-24 02:54:06,0.0143476, saved observation population of size 30 X 181 to 'pestpp_mou_cc.chance.obs_pop.csv'
2022-12-24 02:54:06,0.014195, saved generation-specific observation population of size 30 X 181 to 'pestpp_mou_cc.3.chance.obs_pop.csv'
2022-12-24 02:54:06,0.001057,ParetoObjectives::update() for  60 population members
2022-12-24 02:54:06,1.3602e-05,preparing fast-lookup containers
2022-12-24 02:54:06,0.0103531,checking for duplicate solutions
2022-12-24 02:54:06,0.0013077,feasible sorting
2022-12-24 02:54:06,0.00959534,calculating fitness
2022-12-24 02:54:06,1.2922e-05,get_spea_fitness
2022-12-24 02:54:06,0.00306735,fill domination containers
2022-12-24 02:54:06,0.00460887,pareto front sorting
2022-12-24 02:54:06,9.481e-06,starting 'fast non-dom sort
2022-12-24 02:54:06,6.159e-06,fill domination containers
2022-12-24 02:54:06,0.00239762,finding first front
2022-12-24 02:54:06,1.3834e-05,sorting remaining fronts
2022-12-24 02:54:06,0.00020644,ParetoObjectives::get_nsga2_pareto_dominance() for 60 population members
2022-12-24 02:54:06,7.687e-06,ParetoObjectives::update() for  60 population members
2022-12-24 02:54:06,5.706e-06,preparing fast-lookup containers
2022-12-24 02:54:06,0.010404,checking for duplicate solutions
2022-12-24 02:54:06,0.00130854,feasible sorting
2022-12-24 02:54:06,0.00970049,calculating fitness
2022-12-24 02:54:06,1.2973e-05,get_spea_fitness
2022-12-24 02:54:06,0.00306429,fill domination containers
2022-12-24 02:54:06,0.00459855,pareto front sorting
2022-12-24 02:54:06,9e-06,starting 'fast non-dom sort
2022-12-24 02:54:06,6.52e-06,fill domination containers
2022-12-24 02:54:06,0.00240967,finding first front
2022-12-24 02:54:06,1.3701e-05,sorting remaining fronts
2022-12-24 02:54:06,0.000979922,pareto dominance sorting combined parent-child populations of size  60
2022-12-24 02:54:06,1.3017e-05,ParetoObjectives::get_nsga2_pareto_dominance() for 60 population members
2022-12-24 02:54:06,6.897e-06,ParetoObjectives::update() for  60 population members
2022-12-24 02:54:06,5.866e-06,preparing fast-lookup containers
2022-12-24 02:54:06,0.0105373,checking for duplicate solutions
2022-12-24 02:54:06,0.00131455,feasible sorting
2022-12-24 02:54:06,0.00974845,calculating fitness
2022-12-24 02:54:06,1.2507e-05,get_spea_fitness
2022-12-24 02:54:06,0.00307366,fill domination containers
2022-12-24 02:54:06,0.0046041,pareto front sorting
2022-12-24 02:54:06,9.266e-06,starting 'fast non-dom sort
2022-12-24 02:54:06,6.082e-06,fill domination containers
2022-12-24 02:54:06,0.00239144,finding first front
2022-12-24 02:54:06,1.3473e-05,sorting remaining fronts
2022-12-24 02:54:06,0.00139766,updating archive
2022-12-24 02:54:06,2.6952e-05,adding 3 non-dominated members to archive
2022-12-24 02:54:06,0.000170741,pareto dominance sorting archive of size 12
2022-12-24 02:54:06,8.692e-06,ParetoObjectives::get_nsga2_pareto_dominance() for 12 population members
2022-12-24 02:54:06,6.566e-06,ParetoObjectives::update() for  12 population members
2022-12-24 02:54:06,5.551e-06,preparing fast-lookup containers
2022-12-24 02:54:06,0.000870651,checking for duplicate solutions
2022-12-24 02:54:06,7.2962e-05,feasible sorting
2022-12-24 02:54:06,0.00204694,calculating fitness
2022-12-24 02:54:06,1.041e-05,get_spea_fitness
2022-12-24 02:54:06,0.000144904,fill domination containers
2022-12-24 02:54:06,0.000242605,pareto front sorting
2022-12-24 02:54:06,7.431e-06,starting 'fast non-dom sort
2022-12-24 02:54:06,5.793e-06,fill domination containers
2022-12-24 02:54:06,0.000186719,finding first front
2022-12-24 02:54:06,1.052e-05,sorting remaining fronts
2022-12-24 02:54:06,0.000258672,resizing archive from 12 to 11 current non-dominated solutions
2022-12-24 02:54:06,0.00309327, saved decision variable population of size 11 X 72 to 'pestpp_mou_cc.archive.dv_pop.csv'
2022-12-24 02:54:06,0.00292059, saved generation-specific decision variable population of size 11 X 72 to 'pestpp_mou_cc.3.archive.dv_pop.csv'
2022-12-24 02:54:06,0.00527353, saved observation population of size 11 X 181 to 'pestpp_mou_cc.archive.obs_pop.csv'
2022-12-24 02:54:06,0.00524105, saved generation-specific observation population of size 11 X 181 to 'pestpp_mou_cc.3.archive.obs_pop.csv'
2022-12-24 02:54:06,5.3024e-05,resizing current populations to  30
2022-12-24 02:54:06,0.000525993,generation 3 decision variable summary:
2022-12-24 02:54:06,0.000953814,generation 3 decision variable change summary:
2022-12-24 02:54:06,0.000150421,generation 3 objective function summary:
2022-12-24 02:54:06,0.00596883,generation 3 objective function change summary:
2022-12-24 02:54:06,0.00861293,starting generation  4
2022-12-24 02:54:06,1.9966e-05,ParetoObjectives::get_nsga2_pareto_dominance() for 30 population members
2022-12-24 02:54:06,7.605e-06,ParetoObjectives::update() for  30 population members
2022-12-24 02:54:06,5.695e-06,preparing fast-lookup containers
2022-12-24 02:54:06,0.0052834,checking for duplicate solutions
2022-12-24 02:54:06,0.000334941,feasible sorting
2022-12-24 02:54:06,0.00497135,calculating fitness
2022-12-24 02:54:06,1.1044e-05,get_spea_fitness
2022-12-24 02:54:06,0.00076869,fill domination containers
2022-12-24 02:54:06,0.00120916,pareto front sorting
2022-12-24 02:54:06,8.106e-06,starting 'fast non-dom sort
2022-12-24 02:54:06,6.042e-06,fill domination containers
2022-12-24 02:54:06,0.00108361,finding first front
2022-12-24 02:54:06,1.2469e-05,sorting remaining fronts
2022-12-24 02:54:06,0.000391193,generating diffevol population of size 30
2022-12-24 02:54:06,0.00339744,running population of size  30
2022-12-24 02:54:06,1.328e-05,queuing 30 runs
2022-12-24 02:54:06,0.00624389,making runs
2022-12-24 03:05:56,710.257,processing runs
2022-12-24 03:05:56,0.0260827, saved decision variable population of size 30 X 72 to 'pestpp_mou_cc.dv_pop.csv'
2022-12-24 03:05:56,0.00879681, saved generation-specific decision variable population of size 30 X 72 to 'pestpp_mou_cc.4.dv_pop.csv'
2022-12-24 03:05:56,0.014292, saved observation population of size 30 X 181 to 'pestpp_mou_cc.obs_pop.csv'
2022-12-24 03:05:56,0.0142225, saved generation-specific observation population of size 30 X 181 to 'pestpp_mou_cc.4.obs_pop.csv'
2022-12-24 03:05:56,0.00885953,using member GEN=0_MEMBER=16 as nearest-to-mean single point
    with distance of 17.7792 from mean of decision variable population
2022-12-24 03:05:56,0.000548471,risk-shifting observation population using 'ALL' decision variable solutions as chance points
2022-12-24 03:05:56,0.0375443, saved decision variable population of size 30 X 72 to 'pestpp_mou_cc.chance.dv_pop.csv'
2022-12-24 03:05:56,0.00875836, saved generation-specific decision variable population of size 30 X 72 to 'pestpp_mou_cc.4.chance.dv_pop.csv'
2022-12-24 03:05:56,0.0143027, saved observation population of size 30 X 181 to 'pestpp_mou_cc.chance.obs_pop.csv'
2022-12-24 03:05:56,0.0142222, saved generation-specific observation population of size 30 X 181 to 'pestpp_mou_cc.4.chance.obs_pop.csv'
2022-12-24 03:05:56,0.00106325,ParetoObjectives::update() for  60 population members
2022-12-24 03:05:56,1.2392e-05,preparing fast-lookup containers
2022-12-24 03:05:56,0.0103553,checking for duplicate solutions
2022-12-24 03:05:56,0.00131088,feasible sorting
2022-12-24 03:05:56,0.00960699,calculating fitness
2022-12-24 03:05:56,1.3867e-05,get_spea_fitness
2022-12-24 03:05:56,0.00307152,fill domination containers
2022-12-24 03:05:56,0.00456888,pareto front sorting
2022-12-24 03:05:56,9.592e-06,starting 'fast non-dom sort
2022-12-24 03:05:56,6.733e-06,fill domination containers
2022-12-24 03:05:56,0.00240041,finding first front
2022-12-24 03:05:56,1.522e-05,sorting remaining fronts
2022-12-24 03:05:56,0.000168175,ParetoObjectives::get_nsga2_pareto_dominance() for 60 population members
2022-12-24 03:05:56,8.161e-06,ParetoObjectives::update() for  60 population members
2022-12-24 03:05:56,6.261e-06,preparing fast-lookup containers
2022-12-24 03:05:56,0.0103681,checking for duplicate solutions
2022-12-24 03:05:56,0.00131425,feasible sorting
2022-12-24 03:05:56,0.00967107,calculating fitness
2022-12-24 03:05:56,1.2873e-05,get_spea_fitness
2022-12-24 03:05:56,0.00307299,fill domination containers
2022-12-24 03:05:56,0.0045747,pareto front sorting
2022-12-24 03:05:56,9.814e-06,starting 'fast non-dom sort
2022-12-24 03:05:56,1.2149e-05,fill domination containers
2022-12-24 03:05:56,0.00240397,finding first front
2022-12-24 03:05:56,1.3916e-05,sorting remaining fronts
2022-12-24 03:05:56,0.000962945,pareto dominance sorting combined parent-child populations of size  60
2022-12-24 03:05:56,1.1678e-05,ParetoObjectives::get_nsga2_pareto_dominance() for 60 population members
2022-12-24 03:05:56,6.796e-06,ParetoObjectives::update() for  60 population members
2022-12-24 03:05:56,6.079e-06,preparing fast-lookup containers
2022-12-24 03:05:56,0.0105161,checking for duplicate solutions
2022-12-24 03:05:56,0.0013206,feasible sorting
2022-12-24 03:05:56,0.00974415,calculating fitness
2022-12-24 03:05:56,1.292e-05,get_spea_fitness
2022-12-24 03:05:56,0.00307787,fill domination containers
2022-12-24 03:05:56,0.0045974,pareto front sorting
2022-12-24 03:05:56,9.059e-06,starting 'fast non-dom sort
2022-12-24 03:05:56,6.2e-06,fill domination containers
2022-12-24 03:05:56,0.00240234,finding first front
2022-12-24 03:05:56,1.3734e-05,sorting remaining fronts
2022-12-24 03:05:56,0.00137258,updating archive
2022-12-24 03:05:56,2.7712e-05,adding 4 non-dominated members to archive
2022-12-24 03:05:56,0.000205761,pareto dominance sorting archive of size 15
2022-12-24 03:05:56,8.754e-06,ParetoObjectives::get_nsga2_pareto_dominance() for 15 population members
2022-12-24 03:05:56,6.794e-06,ParetoObjectives::update() for  15 population members
2022-12-24 03:05:56,5.45e-06,preparing fast-lookup containers
2022-12-24 03:05:56,0.0010668,checking for duplicate solutions
2022-12-24 03:05:56,0.000101669,feasible sorting
2022-12-24 03:05:56,0.00251676,calculating fitness
2022-12-24 03:05:56,1.0505e-05,get_spea_fitness
2022-12-24 03:05:56,0.000209326,fill domination containers
2022-12-24 03:05:56,0.000349764,pareto front sorting
2022-12-24 03:05:56,7.61e-06,starting 'fast non-dom sort
2022-12-24 03:05:56,6.089e-06,fill domination containers
2022-12-24 03:05:56,0.000285451,finding first front
2022-12-24 03:05:56,1.1163e-05,sorting remaining fronts
2022-12-24 03:05:56,0.000330142,resizing archive from 15 to 10 current non-dominated solutions
2022-12-24 03:05:56,0.00283408, saved decision variable population of size 10 X 72 to 'pestpp_mou_cc.archive.dv_pop.csv'
2022-12-24 03:05:56,0.00268299, saved generation-specific decision variable population of size 10 X 72 to 'pestpp_mou_cc.4.archive.dv_pop.csv'
2022-12-24 03:05:56,0.00480326, saved observation population of size 10 X 181 to 'pestpp_mou_cc.archive.obs_pop.csv'
2022-12-24 03:05:56,0.00476638, saved generation-specific observation population of size 10 X 181 to 'pestpp_mou_cc.4.archive.obs_pop.csv'
2022-12-24 03:05:56,5.1052e-05,resizing current populations to  30
2022-12-24 03:05:56,0.000538256,generation 4 decision variable summary:
2022-12-24 03:05:56,0.000953335,generation 4 decision variable change summary:
2022-12-24 03:05:56,0.000155676,generation 4 objective function summary:
2022-12-24 03:05:56,0.00595806,generation 4 objective function change summary:
2022-12-24 03:05:56,0.00859569,starting generation  5
