real_name,hmuni1,hmuni2,hmuni3,hmuni4,hmuni5,hmuni6,hmuni7,hmuni8,hmuni9,hpz01,hpz02,hpz03,hpz04,hpz05,hpz06,hpz07,hpz08,hpz09,hpz10,hpz11,vlens,zert01,zert02,zert03,zert04,zert05,zert06,zert07,zert08,zert09,zert10,zert11,zert12,zert13,zert14,zert15,zert16,zert17,zert18,zert19,zert20,zert21,zert22,zert23,zert24,zert25,zert26,zert27,zert28,zert29,zert30,zert31,zert32,zert33,zert34,zert35,zert36,zert37,zert38,zert39,zert40,zert41,zert42,zert43,zert44,zert45,zert46,zert47,zert48,zert49,zert50,zert51,zert52,zert53,zert54,zert55,zert56,zert57,zert58,zert59,zert60,zert61,zert62,zert63,zert64,zert65,zert66,zert67,zert68,zert69,zert70,zert71,zert72,zert73,zert74,zert75,zert76,zert77,zert78,zert79,zert80,zert81,zert82,zert83,zert84,zert85,zert86,zert87,zmuni1,zmuni1_pct,zmuni2,zmuni2_pct,zmuni3,zmuni3_pct,zmuni4,zmuni4_pct,zmuni5,zmuni5_pct,zmuni6,zmuni6_pct,zmuni7,zmuni7_pct,zmuni8,zmuni8_pct,zmuni9,zmuni9_pct,zpz01,zpz02,zpz03,zpz04,zpz05,zpz07,zpz08,ztdem01,ztdem02,ztdem03,ztdem05,ztdem08,ztdem12,ztdem14,ztdem15,ztdem17,ztdem20,ztdem21,ztdem22,ztdem32,ztdem33,ztdem34,ztdem35,ztdem37,ztdem41,ztdem42,ztdem43,ztdem44,ztdem45,ztdem46,ztdem47,ztdem48,ztdem49,ztdem51,ztdem52,ztdem53,ztdem54,ztdem55,ztdem56,ztdem57,ztdem58,ztdem59,ztdem61,ztdem62,ztdem63,ztdem64,ztdem65,ztdem66,ztdem68,ztdem69,ztdem71,ztdem74,ztdem75,ztdem80,ztdem81
gen=28_member=810_de,1.68988,1.60508,1.58445,1.66495,1.37096,1.3158,1.44738,1.46017,1.38037,1.42826,1.43656,1.39846,1.18315,1.23722,1.36826,1.70513,1.44738,1.3904,1.64838,1.70687,6.22151e+08,-29.2118,-33.2612,-37.4421,-41.3929,-44.7473,-46.7815,-49.5244,-56.5945,-56.1941,-54.7448,-41.2984,-33.6822,-29.7469,-35.1707,-39.037,-42.2256,-45.3474,-47.3967,-52.8615,-53.309,-52.5888,-46.7709,-42.5488,-30.8282,-35.2583,-38.1216,-40.4589,-42.7307,-44.1566,-45.2382,-45.9222,-45.8294,-45.3033,-44.2208,-41.7601,-38.5316,-33.5373,-27.9834,-31.8189,-36.6047,-39.597,-42.3224,-44.3788,-45.6629,-46.6894,-47.1197,-47.1514,-46.7364,-45.7833,-43.7578,-42.0893,-39.5069,-35.9397,-32.0073,-35.5265,-38.1365,-40.1546,-42.5785,-44.2451,-45.4153,-60.0379,-60.2695,-54.6003,-51.2268,-46.3126,-36.3886,-31.3432,-34.5502,-37.8626,-40.1925,-42.442,-44.344,-45.9097,-46.3881,-28.234,-33.5193,-37.9268,-41.4091,-44.9774,-30.3277,-33.4014,-35.382,-37.7021,-39.25,-40.8097,-41.9836,-42.5509,-59.7504,-38.525,-55.6075,-35.0078,-58.0428,-28.9555,-57.7304,-36.6294,-45.0213,-29.0685,-45.2869,-19.4922,-48.7451,-32.5917,-49.258,-32.5935,-45.5734,-30.4426,-46.7013,-47.0137,-45.2705,-35.7128,-39.2217,-59.7504,-48.7451,-45.5429,-45.0321,-37.8554,-45.6891,-44.1323,-37.5373,-43.0465,-44.9052,-47.1675,-46.4945,-46.5761,-46.7945,-54.8076,-53.4727,-53.9843,-34.3667,-49.1629,-60.0175,-59.3702,-58.7591,-57.6235,-39.1238,-37.0996,-27.4174,-32.5133,-36.082,-38.0452,-39.7726,-44.4341,-46.1932,-47.0201,-48.3456,-47.2089,-49.3804,-43.1284,-45.8677,-37.1775,-45.0347,-47.508,-45.7227,-45.6693,-41.3976,-32.527,-36.8049,-38.692,-35.9848,-36.4016,-31.4517
gen=40_member=1186_de,0.219895,0.367456,1.02565,0.921526,0.833987,1.34484,1.26198,0.888097,0.692979,1.42441,1.43287,1.39507,1.1805,1.19119,1.25345,1.02136,1.29156,1.11381,1.45333,1.25255,5.93327e+08,-24.6194,-28.2461,-31.8289,-35.0801,-37.7606,-39.3803,-41.6245,-42.2951,-43.6557,-43.4463,-34.7911,-28.4607,-28.0837,-33.3679,-37.0979,-40.1344,-43.1178,-45.0291,-50.3763,-50.7922,-50.0523,-43.9404,-39.6656,-29.621,-33.8973,-36.646,-38.8769,-41.0132,-42.4173,-43.7049,-44.449,-44.4756,-44.1262,-43.2417,-40.9226,-37.7957,-32.8886,-27.3759,-31.6094,-36.3905,-39.3733,-42.0974,-44.1551,-45.4362,-46.4697,-46.9019,-46.9172,-46.4972,-45.5549,-43.5411,-41.8986,-39.3468,-35.7994,-31.9277,-35.4519,-38.0668,-40.0863,-42.5074,-44.1746,-45.3483,-48.6466,-46.1613,-43.5861,-41.8509,-38.2068,-29.8092,-27.4856,-30.1889,-32.817,-34.5194,-36.0971,-37.2683,-38.8105,-39.4062,-23.7996,-28.5393,-32.261,-34.9615,-37.4065,-26.7246,-29.8306,-31.8824,-33.923,-35.2149,-36.4038,-37.2838,-37.722,-29.7692,-22.7849,-29.2373,-24.1474,-40.4167,-37.755,-42.8985,-32.5874,-38.0262,-28.8147,-44.0175,-52.984,-41.9492,-46.7157,-35.1142,-31.6063,-29.3188,-32.0524,-46.5468,-46.8653,-45.1349,-35.6079,-37.2322,-29.7692,-41.9492,-42.7729,-42.9437,-36.8687,-44.2219,-42.1902,-37.3907,-42.848,-44.6821,-46.9286,-46.1985,-46.2056,-46.3974,-51.0843,-49.8694,-50.7739,-33.0973,-47.014,-47.5428,-48.6569,-43.2214,-43.9982,-39.0828,-37.0352,-25.9377,-32.1795,-33.4654,-33.4792,-35.0664,-39.0713,-40.499,-41.0892,-41.9285,-40.4795,-42.3118,-37.8093,-39.6787,-35.9787,-43.4215,-45.4515,-45.6287,-45.5608,-41.3518,-32.5044,-36.7745,-38.6236,-35.9025,-36.3828,-31.426
gen=37_member=1094_de,0.969357,1.32645,1.14419,1.10348,1.17422,1.37412,1.31893,1.14126,0.925607,1.42689,1.43525,1.39726,1.18221,1.22148,1.32879,1.38674,1.35146,1.22098,1.54284,1.47405,6.07264e+08,-26.5238,-30.3357,-34.1899,-37.7565,-40.767,-42.6025,-45.1329,-50.8931,-50.511,-49.3806,-38.2441,-31.2265,-29.0406,-34.4162,-38.224,-41.3255,-44.3757,-46.332,-51.7257,-52.1311,-51.3645,-45.3139,-41.0475,-30.4069,-34.7843,-37.608,-39.9084,-42.133,-43.5509,-44.7031,-45.4076,-45.3559,-44.8908,-43.8769,-41.4652,-38.272,-33.308,-27.7685,-31.7455,-36.5296,-39.5184,-42.2432,-44.3,-45.5829,-46.6118,-47.0426,-47.0685,-46.6516,-45.7021,-43.6805,-42.0211,-39.4494,-35.889,-31.9798,-35.5007,-38.1124,-40.1309,-42.5537,-44.2204,-45.3918,-53.9016,-52.8063,-48.6265,-46.1376,-41.9077,-32.8023,-29.0066,-31.91,-34.8064,-36.7519,-38.597,-40.0797,-41.7129,-42.303,-25.677,-30.6635,-34.6983,-37.7588,-40.7279,-28.1431,-31.2356,-33.2621,-35.4202,-36.8227,-38.1756,-39.2015,-39.7191,-45.7921,-22.9447,-48.6556,-43.4106,-46.9236,-32.3638,-49.3496,-25.0774,-42.6183,-40.8668,-45.4601,-50.8896,-44.5563,-43.9955,-41.6459,-33.3481,-35.5917,-32.4544,-46.6466,-46.961,-45.2221,-35.6747,-38.546,-45.7921,-44.5563,-44.5835,-44.3061,-37.508,-45.1765,-43.4569,-37.4845,-42.9757,-44.8258,-47.083,-46.3897,-46.4451,-46.6543,-52.8494,-51.5784,-52.3492,-33.8106,-48.1469,-53.2721,-53.6238,-49.826,-50.0614,-39.1099,-37.0774,-26.5262,-32.3961,-34.5184,-35.8172,-37.4158,-41.7157,-43.2644,-43.8505,-44.8778,-43.3649,-45.4852,-39.9794,-42.304,-36.7461,-44.4657,-46.7965,-45.689,-45.6305,-41.3819,-32.5203,-36.795,-38.6683,-35.9563,-36.3937,-31.4413
gen=43_member=1276_de,1.16717,1.3428,1.19066,1.26733,1.02958,1.29619,1.35556,1.21839,1.11087,1.42582,1.43422,1.39632,1.18149,1.20737,1.295,1.47084,1.37596,1.28487,1.56517,1.52945,6.09513e+08,-27.3083,-31.1893,-35.1303,-38.8091,-41.8977,-43.77,-46.3224,-51.8684,-51.5507,-50.3858,-38.809,-31.6792,-28.7738,-34.11,-37.9008,-41.0238,-44.0807,-46.0833,-51.5076,-51.9639,-51.268,-45.3867,-41.1557,-30.0375,-34.3678,-37.1567,-39.4251,-41.6094,-43.0214,-44.2363,-44.9594,-44.9441,-44.5328,-43.579,-41.2103,-38.0479,-33.1101,-27.5828,-31.6784,-36.4616,-39.4479,-42.1726,-44.23,-45.5123,-46.5434,-46.975,-46.9959,-46.5776,-45.6314,-43.6134,-41.9619,-39.3995,-35.845,-31.9527,-35.4756,-38.089,-40.1082,-42.5303,-44.1974,-45.3701,-55.26,-54.5125,-49.8742,-47.2059,-42.8235,-33.5431,-29.7718,-32.7822,-35.8309,-37.9227,-39.9227,-41.5563,-43.1271,-43.6567,-26.3535,-31.4098,-35.5302,-38.6909,-41.795,-28.8571,-31.9471,-33.9594,-36.1734,-37.6249,-39.0457,-40.1138,-40.6384,-49.4779,-26.7543,-49.5182,-37.0591,-48.7157,-26.0295,-51.1475,-28.7695,-40.617,-21.4799,-43.9577,-35.8169,-45.6224,-41.2989,-43.5639,-34.0012,-39.5907,-28.1592,-46.5982,-46.9147,-45.1799,-35.6418,-37.9192,-49.4779,-45.6224,-43.7455,-43.6719,-37.2093,-44.7306,-42.8662,-37.4386,-42.9141,-44.7568,-47.0089,-46.2983,-46.3311,-46.5321,-53.0322,-51.7438,-52.3958,-33.6414,-48.0194,-54.6805,-54.8553,-51.5266,-51.5716,-39.0956,-37.0556,-26.8094,-32.2913,-35.0212,-36.3703,-38.0262,-42.4354,-44.0577,-44.76,-45.8898,-44.5898,-46.6549,-41.0207,-43.4492,-36.4052,-43.9899,-46.1686,-45.6597,-45.5967,-41.3662,-32.5107,-36.7837,-38.6454,-35.9288,-36.3892,-31.4344
gen=2_member=38_de,1.55493,1.61975,1.55365,1.65117,1.32694,1.35673,1.43968,1.42742,1.3333,1.42812,1.43643,1.39833,1.18305,1.23721,1.36224,1.65702,1.43968,1.37397,1.63486,1.67514,6.20774e+08,-28.9489,-32.9756,-37.1256,-41.0405,-44.3637,-46.3808,-49.1074,-56.2955,-55.8212,-54.3644,-41.0786,-33.5049,-29.7238,-35.1524,-39.0228,-42.2079,-45.3282,-47.3633,-52.8056,-53.236,-52.495,-46.6249,-42.3917,-30.7899,-35.2127,-38.0694,-40.3999,-42.6632,-44.0867,-45.1772,-45.8643,-45.7773,-45.2585,-44.1838,-41.7287,-38.5042,-33.5135,-27.9619,-31.8109,-36.5966,-39.5885,-42.3138,-44.3702,-45.6542,-46.6809,-47.1112,-47.1422,-46.727,-45.7743,-43.7491,-42.0815,-39.5003,-35.9337,-32.0035,-35.5228,-38.1329,-40.1511,-42.575,-44.2416,-45.412,-59.2839,-59.2869,-53.9407,-50.6427,-45.8147,-35.9844,-31.1127,-34.2901,-37.5621,-39.8548,-42.0661,-43.93,-45.5085,-46.0007,-27.9849,-33.2419,-37.6139,-41.0556,-44.5657,-30.112,-33.1876,-35.1731,-37.4782,-39.0129,-40.5541,-41.7163,-42.2813,-57.6387,-24.3912,-55.5695,-38.7236,-57.1292,-25.7369,-57.1275,-37.4493,-44.5932,-24.2345,-45.8078,-24.8845,-48.4094,-32.2572,-48.52,-30.2062,-44.6172,-24.8171,-46.6951,-47.0077,-45.2651,-35.7084,-39.2236,-57.6387,-48.4094,-45.4205,-44.9452,-37.8208,-45.6338,-44.0529,-37.5312,-43.0385,-44.8964,-47.1582,-46.483,-46.5617,-46.7792,-54.6176,-53.2963,-53.8445,-34.3291,-49.0861,-59.3028,-58.779,-57.8934,-56.9378,-39.1207,-37.0962,-27.3293,-32.5011,-35.9297,-37.8756,-39.586,-44.2146,-45.9516,-46.7456,-48.0409,-46.8518,-49.0299,-42.8261,-45.5344,-37.1465,-44.9927,-47.4524,-45.7189,-45.6648,-41.3945,-32.5226,-36.8015,-38.6885,-35.9809,-36.4007,-31.4508
gen=14_member=397_de,1.4694,1.39745,1.60164,1.45789,1.21394,1.34294,1.40945,1.40119,1.27313,1.42732,1.43567,1.39764,1.18251,1.22767,1.33831,1.6215,1.42166,1.35006,1.62127,1.64969,6.17599e+08,-28.5508,-32.5441,-36.6492,-40.5073,-43.7797,-45.7646,-48.4467,-54.5373,-54.4417,-53.1688,-40.3417,-32.9027,-29.4438,-34.8462,-38.6973,-41.8721,-44.9803,-47.0131,-52.4561,-52.8983,-52.1769,-46.3279,-42.1008,-30.5296,-34.9195,-37.7514,-40.059,-42.2934,-43.7122,-44.8465,-45.5466,-45.4854,-45.0043,-43.9719,-41.5473,-38.3446,-33.3725,-27.8296,-31.7641,-36.5489,-39.5388,-42.264,-44.3207,-45.6041,-46.6323,-47.0631,-47.0905,-46.6742,-45.7238,-43.7011,-42.0392,-39.4645,-35.9021,-31.9858,-35.5064,-38.1177,-40.1363,-42.5594,-44.2262,-45.3974,-58.5174,-58.4014,-53.1742,-49.982,-45.2237,-35.4917,-30.7482,-33.8809,-37.0913,-39.3263,-41.4732,-43.2669,-44.8306,-45.327,-27.6131,-32.8318,-37.158,-40.5516,-44.0001,-29.7692,-32.8451,-34.8346,-37.1117,-38.6204,-40.124,-41.2538,-41.8019,-56.0801,-28.8963,-51.8863,-26.2897,-56.9473,-39.8214,-55.6613,-28.745,-43.1595,-21.4677,-45.2905,-32.4247,-47.6176,-36.522,-47.7324,-34.4178,-43.2795,-26.8143,-46.6609,-46.9748,-45.2348,-35.6844,-38.8042,-56.0801,-47.6176,-44.8291,-44.4969,-37.6085,-45.3182,-43.6354,-37.4983,-42.9945,-44.847,-47.1055,-46.4179,-46.4805,-46.6922,-54.2426,-52.9236,-53.4873,-34.131,-48.8025,-58.4824,-57.9875,-57.1971,-55.9727,-39.1126,-37.0822,-27.1776,-32.4271,-35.6662,-37.3333,-39.0412,-43.6073,-45.3195,-46.114,-47.3717,-46.1868,-48.3176,-42.307,-44.9213,-36.8987,-44.6549,-47.016,-45.6977,-45.6405,-41.3851,-32.5206,-36.7965,-38.6736,-35.9627,-36.396,-31.4441
gen=31_member=904_de,1.24737,1.37805,1.49272,1.59943,1.17242,1.31847,1.3899,1.32726,1.16164,1.4268,1.43516,1.39717,1.18214,1.22076,1.32687,1.5337,1.40341,1.31026,1.59501,1.59016,6.14302e+08,-27.9398,-31.8799,-35.913,-39.686,-42.8857,-44.8305,-47.4748,-53.664,-53.5604,-52.3344,-39.8441,-32.5012,-29.1959,-34.5722,-38.3966,-41.5449,-44.6279,-46.6437,-52.0753,-52.5199,-51.8034,-45.9233,-41.6906,-30.3857,-34.759,-37.5798,-39.8776,-42.0994,-43.5169,-44.6734,-45.3795,-45.3305,-44.8691,-43.8592,-41.4505,-38.2594,-33.2973,-27.759,-31.7416,-36.5256,-39.5143,-42.2391,-44.296,-45.5789,-46.6079,-47.0389,-47.0643,-46.6474,-45.6981,-43.6767,-42.0177,-39.4467,-35.8866,-31.9787,-35.4997,-38.1116,-40.1302,-42.5529,-44.2198,-45.3913,-57.0308,-56.5283,-51.9064,-48.866,-44.2716,-34.7193,-30.2068,-33.269,-36.3821,-38.5269,-40.5798,-42.2788,-43.8697,-44.398,-27.0394,-32.193,-36.4381,-39.7389,-43.0557,-29.2629,-32.3433,-34.3439,-36.5844,-38.0608,-39.5188,-40.6184,-41.1592,-52.2303,-21.4927,-51.0569,-32.1793,-54.565,-36.6836,-54.8668,-46.539,-42.5342,-22.7248,-44.7301,-33.3612,-46.823,-38.8294,-46.028,-33.03,-40.9274,-24.7814,-46.6442,-46.9587,-45.2202,-35.6736,-38.5083,-52.2303,-46.823,-44.5296,-44.2654,-37.4924,-45.1493,-43.4188,-37.482,-42.9722,-44.8219,-47.0787,-46.3843,-46.4383,-46.6469,-53.7203,-52.4189,-53.0259,-33.9456,-48.4862,-56.9799,-56.7221,-55.3117,-54.6435,-39.11,-37.0767,-26.9728,-32.3897,-35.3081,-36.8973,-38.5682,-43.0543,-44.7156,-45.4394,-46.6264,-45.3268,-47.4671,-41.5872,-44.1204,-36.7444,-44.4496,-46.7593,-45.6882,-45.6293,-41.3818,-32.5211,-36.7954,-38.6675,-35.9551,-36.3969,-31.4441
gen=38_member=1125_de,1.25813,1.28588,1.38822,1.33889,1.11227,1.33918,1.38231,1.25646,1.16094,1.42654,1.43492,1.39695,1.18198,1.21798,1.31597,1.52135,1.39396,1.30414,1.58477,1.57171,6.12213e+08,-27.6514,-31.5627,-35.5473,-39.2734,-42.4087,-44.3093,-46.8954,-52.402,-52.3436,-51.2053,-39.2243,-32.0046,-29.0954,-34.4676,-38.2892,-41.4327,-44.5122,-46.5195,-51.9434,-52.383,-51.6624,-45.7642,-41.5286,-30.2837,-34.6432,-37.4528,-39.7399,-41.948,-43.3629,-44.538,-45.25,-45.2123,-44.7666,-43.774,-41.3778,-38.1957,-33.2415,-27.7071,-31.7214,-36.5054,-39.4934,-42.2183,-44.2753,-45.5581,-46.5877,-47.0189,-47.043,-46.6256,-45.6773,-43.6569,-42.0002,-39.4318,-35.8733,-31.9699,-35.4916,-38.104,-40.1228,-42.5454,-44.2123,-45.3842,-56.3823,-55.8575,-51.0525,-48.1854,-43.664,-34.2192,-30.0448,-33.0901,-36.1855,-38.3192,-40.3616,-42.0399,-43.601,-44.117,-26.7068,-31.8083,-35.9847,-39.2049,-42.3957,-29.1118,-32.1975,-34.2028,-36.434,-37.9008,-39.3434,-40.4263,-40.9548,-51.6909,-26.9754,-49.1589,-28.7297,-52.3659,-33.6718,-52.8034,-29.9987,-41.8248,-23.1876,-44.8946,-37.868,-46.4088,-41.0602,-44.5573,-30.3178,-40.7108,-28.6697,-46.6296,-46.9448,-45.2073,-35.6632,-38.3838,-51.6909,-46.4088,-44.2781,-44.0789,-37.4084,-45.0222,-43.2461,-37.4682,-42.954,-44.8016,-47.0569,-46.3576,-46.4052,-46.6115,-53.5043,-52.2068,-52.8431,-33.871,-48.3652,-56.0246,-55.9014,-53.7984,-53.218,-39.105,-37.0695,-26.9095,-32.3591,-35.1968,-36.5819,-38.2579,-42.7097,-44.3598,-45.0999,-46.2685,-45.0203,-47.0916,-41.3748,-43.847,-36.6526,-44.3247,-46.5965,-45.6789,-45.6188,-41.3765,-32.5175,-36.7913,-38.6601,-35.9463,-36.3933,-31.4399
gen=23_member=670_de,1.60693,1.45161,1.5255,1.32535,1.2905,1.33322,1.43519,1.40911,1.37135,1.42778,1.43611,1.39804,1.18283,1.2324,1.3531,1.66352,1.43519,1.38107,1.63088,1.67173,6.19437e+08,-28.8933,-32.9126,-37.0454,-40.9458,-44.2356,-46.224,-48.8996,-54.8784,-54.6114,-53.2849,-40.4613,-33.0056,-29.5864,-34.9991,-38.8568,-42.0357,-45.1484,-47.1856,-52.6338,-53.0752,-52.35,-46.5024,-42.2743,-30.6772,-35.0869,-37.9342,-40.2565,-42.5092,-43.9315,-45.0397,-45.7318,-45.6549,-45.1517,-44.0946,-41.6522,-38.4368,-33.4538,-27.9053,-31.7911,-36.5764,-39.5675,-42.2928,-44.3494,-45.6331,-46.6605,-47.0911,-47.1206,-46.705,-45.7533,-43.7293,-42.0641,-39.4858,-35.921,-31.996,-35.5159,-38.1265,-40.1448,-42.5684,-44.2351,-45.4058,-59.0333,-59.0945,-53.417,-50.2413,-45.4386,-35.6667,-31.1309,-34.3151,-37.6011,-39.9106,-42.1377,-44.0063,-45.535,-45.9991,-27.8848,-33.1213,-37.4665,-40.879,-44.3438,-30.1283,-33.2054,-35.1895,-37.4951,-39.0284,-40.5655,-41.7155,-42.2659,-57.9261,-35.0778,-52.7869,-23.4753,-56.1775,-28.359,-55.2457,-13.7846,-44.0794,-23.35,-45.3357,-26.0045,-48.2133,-34.4356,-48.0978,-30.495,-45.18,-33.207,-46.6808,-46.994,-45.2525,-35.6988,-39.0121,-57.9261,-48.2133,-45.1814,-44.7609,-37.7299,-45.501,-43.8806,-37.5179,-43.0204,-44.8759,-47.1361,-46.4558,-46.5277,-46.7427,-54.4671,-53.1447,-53.6905,-34.2359,-48.9559,-58.7948,-58.3264,-57.1049,-55.9171,-39.1172,-37.0902,-27.3272,-32.4697,-35.9257,-37.6037,-39.3401,-43.9576,-45.7043,-46.5564,-47.861,-46.7901,-48.8788,-42.8319,-45.4904,-37.0346,-44.8412,-47.2586,-45.7101,-45.6548,-41.3905,-32.5215,-36.7992,-38.6822,-35.9732,-36.3989,-31.4482
gen=5_member=141_de,1.54872,1.54469,1.60144,1.48542,1.25062,1.34042,1.39202,1.36211,1.27608,1.42768,1.43602,1.39797,1.18279,1.22997,1.34554,1.65085,1.41537,1.35246,1.62923,1.6693,6.18343e+08,-28.5375,-32.5299,-36.6302,-40.493,-43.7658,-45.7555,-48.4602,-55.5986,-55.2535,-53.8656,-40.7752,-33.2564,-29.4918,-34.9003,-38.7545,-41.9299,-45.0414,-47.076,-52.5358,-52.9812,-52.2629,-46.4268,-42.2033,-30.5959,-34.996,-37.8357,-40.1507,-42.3943,-43.8151,-44.937,-45.6335,-45.5649,-45.0732,-44.029,-41.5958,-38.387,-33.4098,-27.8646,-31.773,-36.5586,-39.5494,-42.2748,-44.3316,-45.6152,-46.6431,-47.0738,-47.1022,-46.6863,-45.7351,-43.7117,-42.048,-39.4714,-35.9076,-31.9866,-35.5073,-38.1185,-40.1371,-42.5605,-44.2274,-45.3983,-58.9254,-58.9737,-53.6769,-50.4137,-45.6043,-35.8059,-30.784,-33.9218,-37.1411,-39.3865,-41.5494,-43.3621,-44.9491,-45.4552,-27.5609,-32.7652,-37.0701,-40.4377,-43.8377,-29.8041,-32.8847,-34.8781,-37.163,-38.6795,-40.1945,-41.3382,-41.897,-57.3648,-33.2924,-54.2519,-36.7467,-57.3952,-38.4932,-56.3204,-29.41,-43.5999,-22.627,-45.3348,-30.6735,-47.3362,-32.9578,-47.1346,-29.2245,-43.3843,-25.1334,-46.6676,-46.9811,-45.2403,-35.6877,-38.8983,-57.3648,-47.3362,-44.9964,-44.6215,-37.6655,-45.4044,-43.7507,-37.5042,-43.0039,-44.858,-47.1174,-46.4333,-46.5005,-46.7138,-54.3395,-53.0058,-53.5735,-34.1834,-48.8808,-58.9475,-58.3345,-57.7611,-56.562,-39.1112,-37.0825,-27.2031,-32.4438,-35.7125,-37.5691,-39.2627,-43.8436,-45.5533,-46.3167,-47.5732,-46.3363,-48.5067,-42.4005,-45.0554,-36.9638,-44.7441,-47.1321,-45.7006,-45.6443,-41.3843,-32.5161,-36.7938,-38.6743,-35.9641,-36.3921,-31.4406
gen=25_member=724_de,1.59261,1.38678,1.67748,1.44083,1.31618,1.3171,1.43398,1.37227,1.32428,1.42796,1.43628,1.3982,1.18296,1.23271,1.35701,1.6689,1.43398,1.3664,1.63559,1.68264,6.19054e+08,-28.7025,-32.7072,-36.8217,-40.6988,-43.9757,-45.9619,-48.6504,-54.9049,-54.8931,-53.6238,-40.597,-33.1065,-29.5798,-34.9913,-38.8462,-42.0231,-45.1348,-47.1749,-52.6378,-53.0864,-52.3698,-46.5409,-42.3176,-30.7001,-35.1152,-37.967,-40.2937,-42.552,-43.9759,-45.0783,-45.7686,-45.688,-45.1799,-44.1176,-41.6713,-38.4531,-33.4676,-27.9177,-31.7936,-36.5794,-39.5709,-42.2964,-44.3531,-45.637,-46.6643,-47.0948,-47.1248,-46.7093,-45.7573,-43.7328,-42.067,-39.4877,-35.9223,-31.9958,-35.5158,-38.1265,-40.1449,-42.5686,-44.2354,-45.406,-59.2848,-59.406,-53.9137,-50.6249,-45.7728,-35.9364,-30.9382,-34.0982,-37.3491,-39.6245,-41.816,-43.6517,-45.2011,-45.6824,-27.7271,-32.9501,-37.2772,-40.6638,-44.0906,-29.9473,-33.0258,-35.014,-37.3072,-38.8299,-40.3525,-41.4947,-42.0455,-58.1548,-37.2502,-51.9964,-22.3426,-58.4537,-45.5416,-56.3374,-26.0401,-44.3395,-29.1318,-45.1326,-27.1308,-48.1502,-36.6121,-47.4393,-30.0154,-44.2704,-30.1816,-46.683,-46.996,-45.2542,-35.6993,-39.0172,-58.1548,-48.1502,-45.2595,-44.8164,-37.7515,-45.5364,-43.9311,-37.5194,-43.0235,-44.8797,-47.1404,-46.4615,-46.5353,-46.7509,-54.4994,-53.1673,-53.711,-34.2476,-48.9748,-59.2637,-58.5741,-58.3386,-56.8103,-39.1168,-37.0901,-27.2525,-32.4751,-35.7994,-37.4901,-39.2119,-43.8068,-45.5375,-46.3598,-47.6427,-46.5099,-48.6258,-42.5815,-45.2243,-37.0542,-44.8695,-47.2976,-45.7108,-45.6558,-41.3902,-32.5205,-36.7986,-38.6822,-35.9733,-36.3969,-31.4462
gen=42_member=1238_de,1.23147,1.2925,1.48374,1.5902,1.1717,1.31474,1.3845,1.28507,1.17112,1.42673,1.43509,1.39711,1.18208,1.21988,1.32613,1.52393,1.39801,1.30984,1.59047,1.58176,6.13507e+08,-27.8059,-31.7318,-35.7395,-39.49,-42.6549,-44.5754,-47.188,-52.9897,-53.0445,-51.8971,-39.5769,-32.2841,-29.1523,-34.5249,-38.3443,-41.4863,-44.5643,-46.5757,-52.0086,-52.4537,-51.738,-45.8517,-41.6184,-30.3717,-34.744,-37.5643,-39.8619,-42.0832,-43.501,-44.6594,-45.366,-45.3181,-44.8584,-43.8507,-41.4437,-38.254,-33.2934,-27.7558,-31.7399,-36.5239,-39.5125,-42.2374,-44.2943,-45.5773,-46.6065,-47.0376,-47.0631,-46.6462,-45.6973,-43.6763,-42.0178,-39.4473,-35.8878,-31.9786,-35.4996,-38.1115,-40.1302,-42.5529,-44.2197,-45.3913,-56.7475,-56.2244,-51.6321,-48.6351,-44.0656,-34.5489,-30.151,-33.2085,-36.319,-38.4648,-40.5196,-42.2141,-43.7835,-44.301,-26.8705,-31.9949,-36.2013,-39.4566,-42.7007,-29.2111,-32.2945,-34.2972,-36.5351,-38.0082,-39.4604,-40.552,-41.0856,-51.8057,-22.6173,-49.5969,-26.9571,-54.1766,-38.5435,-54.4664,-48.4443,-42.5039,-24.6409,-44.6502,-35.161,-46.5886,-39.725,-45.1901,-31.1474,-41.0027,-28.5284,-46.6435,-46.9582,-45.2201,-35.6746,-38.4705,-51.8057,-46.5886,-44.5068,-44.2469,-37.4835,-45.1355,-43.4013,-37.4829,-42.9721,-44.8213,-47.0773,-46.3827,-46.4358,-46.644,-53.6159,-52.3148,-52.9361,-33.9186,-48.4333,-56.6315,-56.3848,-54.9454,-54.2817,-39.1103,-37.0767,-26.9519,-32.3865,-35.2693,-36.7325,-38.4101,-42.8809,-44.5398,-45.2812,-46.4632,-45.2073,-47.3028,-41.5153,-44.0166,-36.7288,-44.4289,-46.7343,-45.6884,-45.6293,-41.3821,-32.5222,-36.796,-38.6675,-35.9549,-36.3976,-31.445
gen=9_member=245_de,1.47009,1.39645,1.499,1.34177,1.24976,1.33904,1.40487,1.35557,1.29623,1.42744,1.43577,1.39773,1.18258,1.22891,1.34465,1.61131,1.41613,1.354,1.6144,1.63618,6.17038e+08,-28.4408,-32.4223,-36.503,-40.3432,-43.5797,-45.5383,-48.1848,-54.0739,-53.8859,-52.6212,-40.0588,-32.679,-29.4417,-34.8442,-38.6905,-41.8548,-44.9553,-46.9785,-52.4194,-52.857,-52.1286,-46.2518,-42.0187,-30.5843,-34.9826,-37.8216,-40.136,-42.3787,-43.7995,-44.9232,-45.6199,-45.5521,-45.0623,-44.0204,-41.589,-38.3817,-33.4057,-27.8607,-31.7758,-36.5607,-39.551,-42.2762,-44.3329,-45.6165,-46.6445,-47.0752,-47.1035,-46.6876,-45.7368,-43.7138,-42.0507,-39.4749,-35.9118,-31.9916,-35.5118,-38.1229,-40.1413,-42.5646,-44.2313,-45.4024,-58.0862,-57.9347,-52.6235,-49.5409,-44.8357,-35.1752,-30.7375,-33.8731,-37.0923,-39.3402,-41.5031,-43.3057,-44.8476,-45.3308,-27.4482,-32.6353,-36.9187,-40.2625,-43.6293,-29.7595,-32.8405,-34.8328,-37.1127,-38.623,-40.1274,-41.2546,-41.7981,-55.6333,-29.9965,-51.5966,-27.5192,-55.1608,-32.3177,-54.5236,-21.9181,-43.5698,-25.4806,-45.2817,-32.741,-47.3738,-37.2674,-46.8503,-31.0957,-43.6117,-30.2608,-46.6699,-46.9837,-45.2434,-35.6924,-38.8589,-55.6333,-47.3738,-44.9731,-44.603,-37.6551,-45.3896,-43.7334,-37.5081,-43.0064,-44.8599,-47.1186,-46.434,-46.5001,-46.7129,-54.1285,-52.8135,-53.4011,-34.1287,-48.7701,-57.8602,-57.4892,-56.0916,-55.0747,-39.1164,-37.0871,-27.1738,-32.4443,-35.6625,-37.2498,-38.9635,-43.5226,-45.2346,-46.0446,-47.3008,-46.1631,-48.2486,-42.3119,-44.9072,-36.9417,-44.7177,-47.1026,-45.7044,-45.6478,-41.3892,-32.5243,-36.8,-38.6786,-35.9685,-36.4004,-31.4491
gen=4_member=113_de,1.53263,1.54533,1.60882,1.59836,1.26555,1.34099,1.42779,1.3882,1.32086,1.42768,1.43602,1.39796,1.18277,1.23153,1.34882,1.64963,1.43204,1.36763,1.63177,1.67117,6.19605e+08,-28.775,-32.7859,-36.9112,-40.8019,-44.0963,-46.0958,-48.8046,-55.8142,-55.4949,-54.1,-40.9013,-33.3578,-29.5649,-34.9776,-38.8369,-42.0185,-45.1337,-47.1721,-52.6224,-53.0645,-52.3412,-46.5011,-42.2754,-30.6385,-35.0426,-37.8854,-40.2032,-42.4503,-43.8714,-44.9868,-45.6813,-45.6088,-45.1115,-44.0609,-41.6231,-38.4109,-33.4307,-27.8839,-31.7829,-36.5682,-39.559,-42.2842,-44.3408,-45.6244,-46.6519,-47.0824,-47.1113,-46.6953,-45.7437,-43.7197,-42.0552,-39.4776,-35.9132,-31.9925,-35.5127,-38.1235,-40.142,-42.5654,-44.2322,-45.403,-59.1073,-59.1093,-53.8413,-50.5457,-45.7246,-35.9063,-30.9944,-34.1584,-37.4142,-39.6938,-41.8918,-43.739,-45.3106,-45.8022,-27.794,-33.0241,-37.3611,-40.7624,-44.2101,-30.0013,-33.0795,-35.0679,-37.366,-38.8939,-40.425,-41.5783,-42.1382,-57.314,-29.2356,-54.4097,-33.3265,-57.6755,-34.4749,-56.8961,-35.0507,-43.7992,-21.3994,-45.4035,-27.2089,-48.0738,-34.0967,-47.7488,-29.0219,-44.2942,-26.2909,-46.6745,-46.9877,-45.2464,-35.6929,-38.9721,-57.314,-48.0738,-45.083,-44.6882,-37.6977,-45.4518,-43.8132,-37.51,-43.0114,-44.8663,-47.1267,-46.4441,-46.5136,-46.7279,-54.4613,-53.1357,-53.6826,-34.223,-48.9458,-59.1702,-58.5821,-58.0075,-56.8646,-39.1156,-37.0875,-27.2832,-32.4575,-35.8496,-37.711,-39.4202,-44.0291,-45.7579,-46.5521,-47.835,-46.652,-48.8091,-42.6722,-45.3515,-37.0038,-44.7971,-47.1991,-45.7058,-45.6499,-41.3886,-32.5211,-36.7982,-38.6793,-35.9697,-36.3976,-31.4461
gen=32_member=943_de,1.37364,1.43549,1.43152,1.22798,1.18736,1.30315,1.39167,1.35889,1.26409,1.42688,1.43524,1.39724,1.1822,1.22088,1.32901,1.57139,1.40758,1.34309,1.60148,1.60752,6.15446e+08,-28.2969,-32.267,-36.3337,-40.1553,-43.3791,-45.3305,-47.966,-53.8349,-53.4748,-52.1764,-39.8325,-32.5011,-29.2125,-34.5879,-38.4122,-41.5641,-44.6492,-46.6723,-52.1117,-52.5632,-51.8549,-45.9974,-41.769,-30.3974,-34.7735,-37.5967,-39.8969,-42.1217,-43.5402,-44.6938,-45.399,-45.3484,-44.8847,-43.8723,-41.4621,-38.2701,-33.3076,-27.7695,-31.7427,-36.527,-39.516,-42.241,-44.298,-45.5811,-46.6101,-47.0411,-47.0669,-46.6501,-45.7008,-43.6793,-42.02,-39.4486,-35.8882,-31.9784,-35.4995,-38.1113,-40.13,-42.5529,-44.2198,-45.3913,-57.4002,-57.0531,-51.9159,-48.9371,-44.3181,-34.7566,-30.5965,-33.7132,-36.9056,-39.128,-41.2638,-43.04,-44.5908,-45.0837,-27.3152,-32.4898,-36.7594,-40.0922,-43.4475,-29.6275,-32.7088,-34.7035,-36.9732,-38.4747,-39.9669,-41.0862,-41.6282,-53.8838,-27.1751,-51.912,-31.9925,-53.7117,-28.534,-53.449,-17.2342,-42.6838,-21.6018,-44.5336,-30.2009,-47.0014,-37.0094,-46.7459,-32.9203,-42.9612,-28.9649,-46.6455,-46.9601,-45.2215,-35.6745,-38.5089,-53.8838,-47.0014,-44.571,-44.2945,-37.5055,-45.1684,-43.4453,-37.4837,-42.9746,-44.8245,-47.0813,-46.3878,-46.4428,-46.6516,-53.8235,-52.5173,-53.1041,-33.9666,-48.5277,-57.1452,-56.948,-54.9871,-54.169,-39.1092,-37.0763,-27.1203,-32.3923,-35.5681,-37.1476,-38.8501,-43.3885,-45.0861,-45.874,-47.1105,-45.937,-48.0286,-42.1206,-44.6962,-36.7569,-44.4653,-46.779,-45.689,-45.6303,-41.3813,-32.5192,-36.7943,-38.6673,-35.9549,-36.3967,-31.4441
gen=43_member=1283_de,1.37802,1.43504,1.39027,1.49559,1.17968,1.34785,1.40588,1.32377,1.23759,1.42704,1.4354,1.39739,1.18232,1.22451,1.33099,1.57273,1.41181,1.33418,1.60227,1.60807,6.15451e+08,-28.1706,-32.128,-36.1775,-39.9793,-43.1863,-45.13,-47.7651,-53.9159,-53.6312,-52.3564,-39.9088,-32.5596,-29.3155,-34.7076,-38.5472,-41.7067,-44.8015,-46.819,-52.2469,-52.6826,-51.9541,-46.0651,-41.8299,-30.4507,-34.8307,-37.6554,-39.9564,-42.1821,-43.5997,-44.7473,-45.4514,-45.3979,-44.9284,-43.9092,-41.4941,-38.2984,-33.3325,-27.7927,-31.7512,-36.5356,-39.5249,-42.25,-44.3068,-45.59,-46.6188,-47.0497,-47.0762,-46.6597,-45.71,-43.6883,-42.0282,-39.4557,-35.8949,-31.9814,-35.5022,-38.1138,-40.1325,-42.5554,-44.2223,-45.3936,-57.3974,-57.0644,-52.0209,-49.0173,-44.3936,-34.8198,-30.4859,-33.5869,-36.7578,-38.9606,-41.0767,-42.8344,-44.3973,-44.9001,-27.207,-32.3682,-36.6195,-39.9253,-43.2388,-29.5248,-32.6071,-34.6045,-36.8669,-38.3622,-39.8459,-40.9611,-41.5037,-53.9452,-27.2138,-51.9316,-34.2859,-53.3212,-28.7342,-54.3688,-35.7914,-42.7225,-22.29,-45.2407,-35.7169,-47.1916,-39.2967,-46.1237,-31.117,-42.4309,-26.8617,-46.6515,-46.9659,-45.227,-35.6793,-38.6699,-53.9452,-47.1916,-44.651,-44.362,-37.5457,-45.2233,-43.5099,-37.4905,-42.9829,-44.8337,-47.0908,-46.3996,-46.4573,-46.6671,-53.9001,-52.5959,-53.1985,-34.0285,-48.6162,-57.1105,-56.8996,-54.9496,-54.4215,-39.1105,-37.0787,-27.0838,-32.4059,-35.4995,-37.1003,-38.7915,-43.3148,-45.0007,-45.7665,-46.9873,-45.775,-47.88,-41.9778,-44.5438,-36.8196,-44.5478,-46.8807,-45.6925,-45.6344,-41.3827,-32.5198,-36.7951,-38.6698,-35.9581,-36.3954,-31.4433
gen=37_member=1086_de,1.24124,1.36867,1.33431,1.57229,1.06667,1.36126,1.39604,1.23308,1.12225,1.42627,1.43465,1.3967,1.18177,1.21714,1.30855,1.51572,1.39834,1.29279,1.58406,1.56848,6.12212e+08,-27.542,-31.4437,-35.4174,-39.1292,-42.2593,-44.1616,-46.7621,-52.9412,-52.7721,-51.5831,-39.4363,-32.1754,-29.0915,-34.4662,-38.2934,-41.4432,-44.528,-46.5357,-51.9515,-52.3865,-51.6615,-45.7603,-41.5243,-30.2319,-34.5819,-37.3834,-39.6626,-41.8608,-43.2733,-44.46,-45.1759,-45.1455,-44.7093,-43.727,-41.3385,-38.1618,-33.2123,-27.6803,-31.7132,-36.4966,-39.484,-42.2087,-44.2658,-45.5483,-46.5783,-47.0095,-47.0328,-46.6152,-45.6675,-43.6478,-41.9924,-39.4256,-35.8683,-31.968,-35.4897,-38.1022,-40.1211,-42.5434,-44.2104,-45.3824,-56.3311,-55.776,-51.1271,-48.235,-43.7204,-34.2708,-29.9274,-32.9552,-36.025,-38.1338,-40.1517,-41.8101,-43.4003,-43.9358,-26.6268,-31.7216,-35.8891,-39.0939,-42.2617,-29.0027,-32.0894,-34.0982,-36.3223,-37.7837,-39.2197,-40.3028,-40.8369,-51.4469,-26.5425,-50.4774,-36.557,-51.8096,-30.9238,-53.6806,-48.6692,-41.3228,-20.9435,-45.1554,-41.3914,-46.6056,-43.0549,-44.1401,-30.0914,-39.9697,-26.8084,-46.6234,-46.9389,-45.2021,-35.6599,-38.3524,-51.4469,-46.6056,-44.1238,-43.9682,-37.3642,-44.9507,-43.1445,-37.4628,-42.9458,-44.792,-47.0466,-46.3445,-46.3883,-46.5933,-53.5067,-52.2119,-52.8483,-33.86,-48.36,-55.9924,-55.8902,-53.6767,-53.4507,-39.1046,-37.0681,-26.8719,-32.3448,-35.1293,-36.6296,-38.2853,-42.7262,-44.3612,-45.0587,-46.2082,-44.8811,-46.9952,-41.2315,-43.7115,-36.6129,-44.2662,-46.515,-45.6758,-45.6149,-41.3758,-32.5186,-36.7917,-38.6584,-35.944,-36.3946,-31.4409
gen=32_member=940_de,1.30843,1.38724,1.56161,1.4708,1.12467,1.35215,1.3735,1.2978,1.15315,1.4268,1.43517,1.39719,1.18217,1.22105,1.32019,1.5579,1.39686,1.30742,1.60099,1.60667,6.14112e+08,-27.862,-31.7961,-35.8188,-39.5843,-42.7756,-44.7179,-47.369,-53.8444,-53.7391,-52.501,-39.9438,-32.5807,-29.2085,-34.5938,-38.4294,-41.5879,-44.682,-46.7,-52.1367,-52.5779,-51.859,-45.9885,-41.7589,-30.3403,-34.7062,-37.5198,-39.8103,-42.0229,-43.4382,-44.605,-45.315,-45.273,-44.8198,-43.8185,-41.4162,-38.2297,-33.2715,-27.7354,-31.729,-36.5134,-39.502,-42.2271,-44.2842,-45.5672,-46.5966,-47.0277,-47.0527,-46.6357,-45.687,-43.6662,-42.0084,-39.4385,-35.8792,-31.971,-35.4927,-38.1049,-40.1237,-42.5466,-44.2135,-45.3853,-57.3362,-56.9803,-52.238,-49.1528,-44.5128,-34.9128,-30.1604,-33.2177,-36.3249,-38.4651,-40.515,-42.2113,-43.8106,-44.3442,-26.9476,-32.0873,-36.3129,-39.5903,-42.8681,-29.2197,-32.3028,-34.3062,-36.5459,-38.0215,-39.4786,-40.5793,-41.122,-53.2883,-27.0222,-51.2691,-34.683,-55.657,-44.5473,-54.8277,-37.4415,-42.041,-20.9006,-45.1694,-37.7357,-46.5285,-38.3173,-45.5099,-31.9579,-40.7463,-25.6577,-46.6353,-46.9502,-45.2123,-35.6668,-38.5129,-53.2883,-46.5285,-44.3919,-44.1678,-37.4556,-45.0888,-43.3294,-37.4744,-42.9625,-44.8111,-47.0669,-46.3705,-46.4214,-46.6288,-53.7859,-52.473,-53.0869,-33.9624,-48.5303,-57.3314,-56.927,-55.9636,-54.9845,-39.1041,-37.0701,-26.9587,-32.3727,-35.2847,-36.9084,-38.5735,-43.0566,-44.7135,-45.4249,-46.6061,-45.2842,-47.4355,-41.5428,-44.079,-36.7198,-44.4116,-46.7026,-45.6816,-45.6222,-41.376,-32.5139,-36.7893,-38.661,-35.9478,-36.3904,-31.4373
gen=43_member=1266_de,1.14685,1.24047,1.40525,1.37278,1.08248,1.34586,1.37646,1.27215,1.12173,1.4263,1.43468,1.39673,1.1818,1.21621,1.31018,1.48192,1.39,1.2912,1.57596,1.54913,6.11359e+08,-27.5363,-31.4389,-35.4159,-39.1259,-42.2566,-44.1555,-46.7373,-51.9947,-52.0238,-50.9235,-39.0424,-31.8567,-29.0412,-34.409,-38.2272,-41.367,-44.4424,-46.4443,-51.857,-52.2926,-51.5679,-45.6521,-41.4127,-30.2306,-34.5824,-37.3861,-39.6675,-41.8685,-43.2821,-44.4673,-45.1824,-45.1508,-44.7136,-43.7306,-41.3414,-38.1644,-33.2147,-27.6826,-31.7131,-36.4967,-39.4842,-42.209,-44.2662,-45.5488,-46.5789,-47.0103,-47.0337,-46.6163,-45.6687,-43.6493,-41.994,-39.4272,-35.8701,-31.9673,-35.4891,-38.1016,-40.1205,-42.5429,-44.2099,-45.382,-55.9165,-55.2006,-50.6687,-47.835,-43.3677,-33.9809,-29.8949,-32.919,-35.9826,-38.084,-40.0902,-41.7337,-43.303,-43.8296,-26.6313,-31.7318,-35.9099,-39.1346,-42.3409,-28.9711,-32.0548,-34.0608,-36.279,-37.7342,-39.1609,-40.2324,-40.7575,-49.9616,-28.1536,-48.3304,-28.7758,-52.2818,-37.9269,-52.6397,-38.1034,-41.4619,-23.5302,-44.9199,-41.4114,-46.238,-43.7506,-44.7149,-36.0829,-39.9075,-29.5405,-46.6238,-46.9394,-45.2029,-35.6611,-38.3098,-49.9616,-46.238,-44.146,-43.9809,-37.3659,-44.9556,-43.1554,-37.4645,-42.9472,-44.7934,-47.0474,-46.3458,-46.3898,-46.5947,-53.3689,-52.081,-52.7286,-33.8216,-48.2836,-55.6365,-55.5879,-53.457,-52.9163,-39.1036,-37.0674,-26.8486,-32.345,-35.0898,-36.4258,-38.0942,-42.5226,-44.16,-44.8849,-46.0354,-44.7551,-46.8333,-41.1541,-43.5989,-36.6036,-44.2561,-46.5068,-45.6761,-45.6154,-41.3749,-32.5164,-36.7901,-38.6578,-35.9435,-36.3942,-31.4409
gen=28_member=830_de,1.40329,1.43989,1.49831,1.30354,1.20687,1.32854,1.39946,1.37126,1.27453,1.42722,1.43557,1.39756,1.18245,1.22501,1.33522,1.58876,1.41342,1.34799,1.60896,1.62289,6.16435e+08,-28.4126,-32.3927,-36.4748,-40.3129,-43.5554,-45.5195,-48.1732,-54.2192,-53.9187,-52.6123,-40.0663,-32.6877,-29.3392,-34.7302,-38.5688,-41.7305,-44.8264,-46.851,-52.2887,-52.7319,-52.0121,-46.146,-41.9155,-30.4804,-34.8658,-37.6951,-40.0006,-42.2321,-43.6511,-44.7923,-45.4943,-45.4368,-44.962,-43.9369,-41.5177,-38.3192,-33.3513,-27.811,-31.755,-36.5399,-39.5296,-42.2548,-44.3117,-45.595,-46.6236,-47.0545,-47.0815,-46.6651,-45.7152,-43.6931,-42.0322,-39.4587,-35.8971,-31.9813,-35.5022,-38.1137,-40.1323,-42.5555,-44.2223,-45.3936,-57.8256,-57.5553,-52.4018,-49.3395,-44.6692,-35.0439,-30.6826,-33.8092,-37.0143,-39.2476,-41.3947,-43.1844,-44.7397,-45.2325,-27.4386,-32.629,-36.9185,-40.2722,-43.6579,-29.7083,-32.7881,-34.7809,-37.0562,-38.5629,-40.0628,-41.1888,-41.7343,-54.6475,-26.6954,-52.2008,-31.9325,-54.9942,-33.6205,-54.2959,-20.4711,-43.0101,-22.9565,-45.0082,-32.5381,-47.2579,-37.2433,-47.0764,-33.5278,-43.2234,-29.817,-46.6544,-46.9686,-45.2292,-35.6802,-38.6879,-54.6475,-47.2579,-44.7393,-44.4256,-37.5727,-45.2649,-43.5682,-37.493,-42.9872,-44.8387,-47.0962,-46.4068,-46.4668,-46.6773,-54.0082,-52.6982,-53.2814,-34.0546,-48.6645,-57.6717,-57.3632,-55.8497,-54.874,-39.1092,-37.0783,-27.1557,-32.4136,-35.6277,-37.2595,-38.9643,-43.5171,-45.2219,-46.013,-47.26,-46.0854,-48.1918,-42.2353,-44.8318,-36.8452,-44.5836,-46.9281,-45.6933,-45.6357,-41.3817,-32.5164,-36.793,-38.6696,-35.9583,-36.3926,-31.4405
gen=38_member=1116_de,1.46095,1.34813,1.59693,1.34615,1.19026,1.37276,1.39397,1.34818,1.29589,1.42727,1.43561,1.39759,1.18247,1.22835,1.33563,1.61421,1.41216,1.35365,1.61705,1.64247,6.16915e+08,-28.4244,-32.4044,-36.4827,-40.3215,-43.5563,-45.5148,-48.164,-54.0262,-53.9871,-52.7565,-40.1076,-32.7143,-29.4433,-34.8519,-38.708,-41.882,-44.9922,-47.0169,-52.4551,-52.8879,-52.1555,-46.2825,-42.051,-30.5196,-34.9068,-37.7358,-40.0403,-42.2706,-43.6882,-44.8259,-45.5275,-45.4687,-44.9902,-43.9604,-41.5376,-38.3363,-33.3655,-27.8236,-31.7619,-36.5467,-39.5365,-42.2615,-44.3183,-45.6016,-46.6299,-47.0606,-47.0878,-46.6714,-45.721,-43.6984,-42.0367,-39.4625,-35.9003,-31.9853,-35.506,-38.1174,-40.136,-42.5591,-44.2259,-45.3971,-58.2417,-58.1215,-52.8875,-49.7452,-45.0114,-35.3156,-30.7288,-33.8634,-37.0817,-39.3289,-41.491,-43.2925,-44.8328,-45.3154,-27.4258,-32.6086,-36.8864,-40.2245,-43.5818,-29.7514,-32.8326,-34.825,-37.1043,-38.614,-40.1174,-41.2435,-41.7861,-55.7609,-29.9108,-50.9794,-26.1335,-56.5919,-41.1684,-54.9436,-22.5897,-42.9443,-20.9412,-45.695,-37.0076,-47.2001,-36.0841,-46.727,-30.7168,-43.5969,-30.8058,-46.6593,-46.9733,-45.2334,-35.6835,-38.8342,-55.7609,-47.2001,-44.7824,-44.4659,-37.5991,-45.301,-43.6075,-37.4964,-42.992,-44.8442,-47.1027,-46.4142,-46.4759,-46.6873,-54.1637,-52.8439,-53.4353,-34.1277,-48.7877,-58.1494,-57.6575,-56.8249,-55.5347,-39.1129,-37.082,-27.1711,-32.4235,-35.6562,-37.2231,-38.9386,-43.4964,-45.2092,-46.023,-47.2797,-46.1463,-48.2294,-42.2996,-44.8916,-36.8965,-44.6507,-47.0084,-45.6971,-45.6396,-41.3853,-32.5217,-36.7971,-38.6733,-35.9622,-36.397,-31.4449
gen=21_member=605_de,1.39029,1.37485,1.48947,1.16086,1.17711,1.36565,1.37764,1.2998,1.21405,1.42711,1.43546,1.39745,1.18236,1.22566,1.33172,1.57725,1.39905,1.32518,1.60231,1.61151,6.14668e+08,-27.9962,-31.9402,-35.9702,-39.7507,-42.9379,-44.8707,-47.4971,-53.4351,-53.2217,-51.9824,-39.6995,-32.3899,-29.3212,-34.7192,-38.5625,-41.721,-44.8176,-46.8302,-52.263,-52.6943,-51.9605,-46.0614,-41.8249,-30.4632,-34.8449,-37.6705,-39.9719,-42.1982,-43.6156,-44.7614,-45.4651,-45.4106,-44.9392,-43.9177,-41.5008,-38.3036,-33.3361,-27.7945,-31.7524,-36.5371,-39.5266,-42.2517,-44.3086,-45.5919,-46.6206,-47.0515,-47.078,-46.6615,-45.7117,-43.6898,-42.0294,-39.4566,-35.8955,-31.9821,-35.503,-38.1148,-40.1334,-42.5565,-44.2233,-45.3947,-57.374,-57.1013,-51.959,-48.972,-44.3397,-34.7691,-30.3409,-33.4257,-36.5746,-38.757,-40.8515,-42.5859,-44.1494,-44.6568,-27.0303,-32.1706,-36.3953,-39.6721,-42.9433,-29.3882,-32.4728,-34.4735,-36.7272,-38.2143,-39.6861,-40.792,-41.3306,-54.1363,-27.5865,-50.9095,-28.9154,-54.4143,-34.263,-53.2593,-13.3872,-42.7309,-22.5018,-45.5023,-37.8703,-46.6212,-36.6195,-45.5843,-29.5392,-41.8995,-25.7411,-46.6529,-46.9673,-45.2282,-35.68,-38.7137,-54.1363,-46.6212,-44.6736,-44.3806,-37.5536,-45.2375,-43.5274,-37.4912,-42.9842,-44.8353,-47.0927,-46.4018,-46.4602,-46.6703,-53.8682,-52.5564,-53.1813,-34.0372,-48.6257,-57.1208,-56.8042,-55.2624,-54.2111,-39.1117,-37.0796,-27.0236,-32.4083,-35.4007,-36.9349,-38.6224,-43.125,-44.801,-45.5598,-46.7657,-45.5413,-47.6384,-41.788,-44.3269,-36.8323,-44.5692,-46.9096,-45.6936,-45.6356,-41.3839,-32.522,-36.7967,-38.6707,-35.9589,-36.3974,-31.4451
gen=35_member=1044_de,1.1745,1.32116,1.29175,1.558,1.14086,1.36012,1.39575,1.22875,1.08378,1.4267,1.43506,1.39708,1.18206,1.22112,1.32293,1.48674,1.39577,1.27901,1.57581,1.54792,6.11461e+08,-27.3721,-31.2594,-35.2156,-38.9014,-42.0131,-43.9043,-46.4895,-52.3415,-52.2272,-51.0853,-39.1463,-31.9417,-29.1562,-34.5372,-38.3626,-41.5006,-44.5773,-46.5718,-51.9795,-52.4038,-51.6622,-45.7121,-41.465,-30.3643,-34.7336,-37.5504,-39.844,-42.0603,-43.4763,-44.6383,-45.3465,-45.3012,-44.8442,-43.8391,-41.434,-38.2456,-33.286,-27.749,-31.7375,-36.5214,-39.5099,-42.2348,-44.2917,-45.5746,-46.6039,-47.035,-47.0602,-46.6433,-45.6945,-43.6736,-42.0154,-39.4452,-35.8859,-31.9774,-35.4985,-38.1104,-40.1291,-42.5518,-44.2187,-45.3903,-55.8436,-55.1499,-50.613,-47.7996,-43.3437,-33.9642,-29.7488,-32.753,-35.7887,-37.8642,-39.8453,-41.4663,-43.0602,-43.6044,-26.4916,-31.5758,-35.7312,-38.9221,-42.0753,-28.8351,-31.9214,-33.9323,-36.1424,-37.5911,-39.0091,-40.0786,-40.6075,-50.1723,-28.8282,-49.5188,-33.1258,-50.7886,-30.1276,-53.053,-47.6221,-42.2321,-26.0029,-45.2745,-41.8824,-46.4908,-43.8301,-43.918,-30.508,-39.1328,-27.261,-46.6415,-46.9564,-45.2184,-35.6731,-38.5251,-50.1723,-46.4908,-44.4555,-44.2141,-37.4739,-45.1183,-43.3723,-37.481,-42.9695,-44.8185,-47.0745,-46.3791,-46.4314,-46.6393,-53.4294,-52.1442,-52.8079,-33.9004,-48.3752,-55.4301,-55.4406,-52.8882,-52.8098,-39.1094,-37.0757,-26.8003,-32.383,-35.0042,-36.4273,-38.0757,-42.4879,-44.1078,-44.7916,-45.9195,-44.5677,-46.6772,-40.9774,-43.4207,-36.7269,-44.4277,-46.7321,-45.6871,-45.6279,-41.3812,-32.521,-36.7951,-38.6665,-35.9537,-36.3969,-31.4443
gen=31_member=905_de,1.44935,1.34548,1.59156,1.44814,1.18295,1.37739,1.38724,1.32581,1.21402,1.42725,1.4356,1.39758,1.18247,1.22802,1.33437,1.60953,1.40726,1.32794,1.61524,1.63933,6.1597e+08,-28.1448,-32.1026,-36.1562,-39.9586,-43.1773,-45.1327,-47.7918,-53.9547,-53.9633,-52.7524,-40.0853,-32.6932,-29.4207,-34.829,-38.6841,-41.8556,-44.9646,-46.9864,-52.4263,-52.8583,-52.1252,-46.2483,-42.0167,-30.5073,-34.8929,-37.7207,-40.024,-42.2528,-43.6701,-44.8101,-45.5124,-45.4549,-44.9783,-43.9506,-41.5293,-38.3291,-33.3591,-27.8172,-31.7591,-36.544,-39.5337,-42.2589,-44.3157,-45.599,-46.6274,-47.0583,-47.0854,-46.669,-45.7189,-43.6965,-42.0352,-39.4613,-35.8995,-31.9835,-35.5043,-38.1158,-40.1344,-42.5576,-44.2244,-45.3957,-58.1075,-57.988,-52.8572,-49.7095,-44.9826,-35.2921,-30.4212,-33.5135,-36.6698,-38.8563,-40.9538,-42.6959,-44.2712,-44.7834,-27.21,-32.3779,-36.6382,-39.9536,-43.2843,-29.4633,-32.5442,-34.5418,-36.7987,-38.2893,-39.7669,-40.879,-41.422,-55.5543,-30.417,-50.8645,-24.447,-56.5048,-41.2754,-55.2333,-31.3841,-42.8608,-20.9847,-45.7407,-38.0307,-46.9834,-36.0957,-46.2043,-29.3057,-41.9974,-24.6026,-46.6574,-46.9715,-45.232,-35.6826,-38.8186,-55.5543,-46.9834,-44.7531,-44.4441,-37.5892,-45.2862,-43.5873,-37.4954,-42.9903,-44.8422,-47.1002,-46.4114,-46.4723,-46.6834,-54.1073,-52.7854,-53.3888,-34.1145,-48.7635,-58.0185,-57.4969,-56.7719,-55.5738,-39.1112,-37.0803,-27.0537,-32.4197,-35.4524,-37.0523,-38.7409,-43.2594,-44.9428,-45.7012,-46.9185,-45.6773,-47.8049,-41.8841,-44.4478,-36.8848,-44.6357,-46.9895,-45.6958,-45.6383,-41.3837,-32.5193,-36.7952,-38.6717,-35.9605,-36.3958,-31.4439
gen=29_member=857_de,1.21995,1.54117,1.27347,1.57563,1.2107,1.32307,1.40398,1.26275,1.14747,1.42715,1.4355,1.39749,1.18241,1.22292,1.33441,1.5092,1.40398,1.30403,1.58431,1.5649,6.13604e+08,-27.7421,-31.6625,-35.6626,-39.4062,-42.5676,-44.4895,-47.1137,-53.963,-53.413,-52.0704,-39.7672,-32.4497,-29.2124,-34.5921,-38.4139,-41.5517,-44.6269,-46.6297,-52.0497,-52.484,-51.7527,-45.8266,-41.5837,-30.4522,-34.8363,-37.6653,-39.9709,-42.2023,-43.6218,-44.7654,-45.4674,-45.4107,-44.9383,-43.9163,-41.4989,-38.3015,-33.334,-27.7927,-31.7508,-36.5356,-39.5251,-42.2503,-44.3072,-45.5904,-46.6191,-47.0501,-47.0767,-46.6602,-45.7104,-43.6884,-42.0279,-39.455,-35.8938,-31.9797,-35.5006,-38.1123,-40.131,-42.5541,-44.2209,-45.3923,-56.3723,-55.7433,-51.1437,-48.2507,-43.7496,-34.3032,-30.0997,-33.1492,-36.2485,-38.3842,-40.4326,-42.1258,-43.7292,-44.2659,-26.8144,-31.9315,-36.127,-39.3654,-42.5806,-29.1642,-32.2508,-34.2579,-36.4961,-37.9707,-39.4261,-40.5271,-41.0715,-51.1548,-25.2271,-53.169,-46.4305,-51.1121,-23.4444,-53.8228,-46.2827,-42.9976,-26.4708,-44.8563,-35.8857,-46.8475,-41.4506,-44.7939,-29.0123,-40.5851,-26.7655,-46.6513,-46.9656,-45.2264,-35.6779,-38.5976,-51.1548,-46.8475,-44.7018,-44.3928,-37.5478,-45.2356,-43.5367,-37.4895,-42.9828,-44.8339,-47.0913,-46.4006,-46.4591,-46.6693,-53.5861,-52.2966,-52.9317,-33.9498,-48.4537,-56.0777,-56.0758,-53.4454,-53.4722,-39.1083,-37.077,-26.9421,-32.4067,-35.2549,-36.9339,-38.5864,-43.0595,-44.7046,-45.3925,-46.5585,-45.214,-47.3617,-41.4833,-44.0165,-36.8004,-44.5313,-46.8714,-45.6915,-45.6336,-41.3808,-32.5158,-36.7923,-38.6682,-35.9566,-36.3933,-31.4411
gen=20_member=570_de,1.64762,1.50961,1.69019,1.55131,1.36128,1.37819,1.44667,1.44897,1.37858,1.42851,1.43681,1.39869,1.18333,1.24226,1.37116,1.69561,1.44667,1.38854,1.64785,1.70433,6.2194e+08,-29.1512,-33.1957,-37.3688,-41.31,-44.6532,-46.6796,-49.4117,-56.1047,-55.899,-54.5156,-41.1351,-33.5447,-29.8795,-35.3262,-39.2128,-42.4105,-45.5443,-47.5845,-53.033,-53.458,-52.7088,-46.8424,-42.6096,-30.9,-35.3358,-38.2015,-40.54,-42.8135,-44.2382,-45.3115,-45.9939,-45.897,-45.3629,-44.2707,-41.8031,-38.5695,-33.5709,-28.0156,-31.8287,-36.6149,-39.6078,-42.3333,-44.3896,-45.6738,-46.6999,-47.13,-47.1625,-46.7477,-45.7938,-43.7674,-42.0975,-39.5134,-35.9448,-32.0095,-35.5285,-38.1382,-40.1563,-42.5804,-44.247,-45.4171,-59.9965,-60.1901,-54.5907,-51.2041,-46.2868,-36.3624,-31.2933,-34.496,-37.803,-40.128,-42.3712,-44.2643,-45.8193,-46.2934,-28.177,-33.4564,-37.8554,-41.3263,-44.8782,-30.2799,-33.354,-35.3349,-37.6515,-39.1956,-40.7494,-41.9167,-42.4789,-59.3252,-33.2585,-54.2082,-24.9985,-59.259,-39.4253,-57.4852,-28.1141,-45.0809,-27.9365,-46.2563,-26.7378,-48.7076,-32.6776,-49.0346,-32.6086,-45.4856,-30.4419,-46.7082,-47.0202,-45.2763,-35.7165,-39.4391,-59.3252,-48.7076,-45.6533,-45.1249,-37.9096,-45.7642,-44.221,-37.543,-43.0552,-44.9154,-47.1789,-46.5087,-46.5942,-46.8142,-54.885,-53.5534,-54.0909,-34.4456,-49.2716,-60.0678,-59.3464,-59.1861,-57.6931,-39.1234,-37.1009,-27.3915,-32.5304,-36.0412,-37.9101,-39.6435,-44.2956,-46.0544,-46.8946,-48.2184,-47.1046,-49.2553,-43.055,-45.7729,-37.2605,-45.1462,-47.6466,-45.7264,-45.6737,-41.3977,-32.5234,-36.8032,-38.6936,-35.9873,-36.4012,-31.4517
gen=21_member=604_de,1.30681,1.20853,1.53017,1.14931,1.27446,1.37279,1.40848,1.2865,1.14547,1.42776,1.43608,1.39803,1.18282,1.23209,1.35121,1.54726,1.40848,1.30114,1.59543,1.59317,6.13778e+08,-27.7372,-31.6582,-35.662,-39.3985,-42.558,-44.4752,-47.0822,-52.2593,-52.3812,-51.2858,-39.2515,-32.0228,-29.464,-34.8754,-38.7225,-41.8722,-44.9638,-46.9625,-52.3805,-52.7953,-52.0364,-46.0748,-41.824,-30.6601,-35.0683,-37.9143,-40.2351,-42.4857,-43.9074,-45.0184,-45.7114,-45.6361,-45.1351,-44.0807,-41.6401,-38.4261,-33.4442,-27.8962,-31.7874,-36.5728,-39.5638,-42.2891,-44.3457,-45.6294,-46.6569,-47.0875,-47.1168,-46.7011,-45.7495,-43.7255,-42.0607,-39.4826,-35.9181,-31.994,-35.514,-38.1247,-40.1431,-42.5667,-44.2334,-45.4041,-56.9707,-56.5537,-51.5374,-48.6038,-44.014,-34.4991,-30.0384,-33.0819,-36.1701,-38.2925,-40.3196,-41.9861,-43.5535,-44.0748,-26.8614,-31.9946,-36.2119,-39.4728,-42.7315,-29.1042,-32.1856,-34.1881,-36.4157,-37.8794,-39.318,-40.3981,-40.926,-52.823,-26.421,-48.117,-22.384,-54.5212,-42.0858,-52.7567,-19.9182,-43.9319,-33.1731,-45.8184,-40.451,-47.0394,-41.9161,-45.2092,-31.2993,-40.4579,-24.7678,-46.678,-46.9912,-45.2499,-35.6963,-38.9984,-52.823,-47.0394,-45.1416,-44.7317,-37.7155,-45.4807,-43.8536,-37.5149,-43.0169,-44.8721,-47.1322,-46.4511,-46.5221,-46.7367,-53.8742,-52.5764,-53.2252,-34.1275,-48.7083,-56.678,-56.3964,-54.9552,-53.7748,-39.1157,-37.0885,-26.9008,-32.4644,-35.1824,-36.5448,-38.2243,-42.6769,-44.3299,-45.0743,-46.2466,-44.9881,-47.0765,-41.3416,-43.8127,-37.0094,-44.8146,-47.2336,-45.708,-45.6525,-41.389,-32.5197,-36.7977,-38.6804,-35.9713,-36.3971,-31.4462
gen=5_member=126_de,1.51868,1.47986,1.63244,1.33618,1.24664,1.31688,1.43308,1.38493,1.35418,1.42745,1.43579,1.39775,1.1826,1.228,1.34314,1.64202,1.43308,1.37602,1.6282,1.66465,6.19029e+08,-28.8085,-32.8211,-36.9443,-40.8362,-44.1195,-46.1071,-48.7915,-55.2181,-54.9435,-53.5855,-40.6176,-33.1302,-29.4694,-34.8692,-38.7181,-41.895,-45.0036,-47.0447,-52.4965,-52.9476,-52.2364,-46.4126,-42.1902,-30.5635,-34.9593,-37.7964,-40.1092,-42.3501,-43.7707,-44.8975,-45.5951,-45.5292,-45.042,-44.0031,-41.5737,-38.3677,-33.393,-27.849,-31.7706,-36.5556,-39.5458,-42.271,-44.3277,-45.6111,-46.6391,-47.0697,-47.0976,-46.6814,-45.7305,-43.7072,-42.0443,-39.4686,-35.9054,-31.9885,-35.509,-38.1202,-40.1387,-42.5619,-44.2286,-45.3997,-58.9305,-58.8956,-53.5284,-50.293,-45.4945,-35.7148,-31.0644,-34.2404,-37.5151,-39.8146,-42.0328,-43.8943,-45.4377,-45.9112,-27.7966,-33.0218,-37.3517,-40.7455,-44.1796,-30.0662,-33.1454,-35.1324,-37.4354,-38.9668,-40.5017,-41.6527,-42.2065,-56.9795,-29.9662,-53.3064,-30.0626,-57.6258,-41.0321,-55.72,-16.2189,-43.4965,-21.2751,-44.9678,-27.3975,-48.1175,-37.1799,-47.672,-31.434,-44.8592,-32.9149,-46.6656,-46.9792,-45.2387,-35.687,-38.8172,-56.9795,-48.1175,-44.9296,-44.569,-37.6385,-45.3649,-43.7016,-37.5018,-43,-44.8535,-47.1127,-46.4268,-46.4918,-46.7045,-54.3628,-53.0404,-53.5782,-34.1568,-48.8513,-58.9442,-58.3929,-57.7215,-56.3312,-39.1143,-37.0845,-27.3042,-32.4374,-35.8888,-37.6305,-39.3564,-43.969,-45.7081,-46.5383,-47.8333,-46.7225,-48.8325,-42.7602,-45.4243,-36.9271,-44.6931,-47.0665,-45.7006,-45.6438,-41.3869,-32.5222,-36.7981,-38.676,-35.9655,-36.3967,-31.4449
gen=26_member=750_de,1.56066,1.38418,1.60129,1.43441,1.29783,1.34751,1.42735,1.37602,1.31281,1.42786,1.43618,1.39811,1.18288,1.23383,1.35544,1.65211,1.42979,1.36184,1.62916,1.668,6.18748e+08,-28.637,-32.6355,-36.7422,-40.6088,-43.8764,-45.8558,-48.5317,-54.5917,-54.5335,-53.2726,-40.4071,-32.9559,-29.6049,-35.0231,-38.8837,-42.0606,-45.1738,-47.2053,-52.6539,-53.0898,-52.3575,-46.4939,-42.2633,-30.7066,-35.12,-37.9699,-40.2944,-42.5499,-43.9725,-45.0761,-45.7671,-45.6877,-45.1803,-44.1185,-41.6728,-38.4551,-33.4704,-27.9217,-31.7961,-36.5815,-39.5728,-42.2981,-44.3546,-45.6384,-46.6656,-47.0961,-47.1259,-46.7103,-45.7582,-43.7336,-42.0677,-39.4884,-35.9229,-31.9982,-35.5179,-38.1284,-40.1468,-42.5704,-44.2371,-45.4077,-58.9157,-58.9516,-53.4852,-50.27,-45.4656,-35.6877,-30.8761,-34.0274,-37.2664,-39.5308,-41.71,-43.5327,-45.0797,-45.5621,-27.667,-32.8835,-37.2036,-40.5846,-44.006,-29.8893,-32.9672,-34.9558,-37.2437,-38.7615,-40.2771,-41.4136,-41.9616,-57.4245,-33.6849,-51.7741,-22.3017,-57.1671,-38.3723,-55.7763,-25.4294,-44.2002,-26.0365,-45.5669,-30.8565,-47.9731,-36.3877,-47.4144,-30.2572,-44.0234,-28.3628,-46.6844,-46.9974,-45.2555,-35.7005,-39.073,-57.4245,-47.9731,-45.2442,-44.8096,-37.7551,-45.5368,-43.9261,-37.5201,-43.0242,-44.8806,-47.1416,-46.4624,-46.5362,-46.7519,-54.435,-53.1105,-53.6756,-34.2527,-48.9678,-58.7912,-58.2238,-57.5227,-56.2141,-39.1186,-37.0921,-27.2273,-32.4776,-35.7544,-37.4055,-39.1252,-43.7079,-45.4328,-46.252,-47.5265,-46.3919,-48.499,-42.49,-45.1161,-37.0656,-44.8833,-47.3129,-45.7124,-45.6573,-41.392,-32.5227,-36.8005,-38.6841,-35.9754,-36.401,-31.4501
gen=45_member=1328_de,1.33747,1.41593,1.37722,1.44463,1.20214,1.3225,1.41329,1.32399,1.20657,1.42704,1.43539,1.39738,1.18231,1.22334,1.33329,1.55627,1.41329,1.32398,1.5974,1.59663,6.14802e+08,-28.0646,-32.0135,-36.0541,-39.8399,-43.039,-44.9789,-47.6094,-53.6127,-53.3349,-52.0767,-39.7483,-32.4299,-29.2694,-34.6529,-38.4826,-41.6337,-44.7195,-46.7354,-52.1635,-52.6039,-51.8806,-45.9903,-41.7547,-30.4525,-34.8349,-37.6624,-39.9665,-42.196,-43.615,-44.7601,-45.4629,-45.4074,-44.9363,-43.9155,-41.4993,-38.3029,-33.3366,-27.7965,-31.7529,-36.5373,-39.5266,-42.2517,-44.3085,-45.5917,-46.6204,-47.0514,-47.078,-46.6615,-45.7118,-43.69,-42.0297,-39.4571,-35.8961,-31.9828,-35.5036,-38.1152,-40.1338,-42.5567,-44.2235,-45.3949,-57.132,-56.7163,-51.7282,-48.7683,-44.1775,-34.6433,-30.3594,-33.4434,-36.5891,-38.7667,-40.855,-42.5859,-44.1561,-44.6676,-27.1353,-32.2938,-36.543,-39.8451,-43.1583,-29.406,-32.4873,-34.4859,-36.7382,-38.2245,-39.6959,-40.8026,-41.3427,-53.2213,-25.5964,-51.5108,-32.7207,-52.8877,-26.2819,-53.8975,-32.8068,-42.9178,-24.1146,-44.8713,-33.0938,-47.2556,-40.2339,-46.0522,-31.6424,-41.8025,-26.8175,-46.6529,-46.9673,-45.2282,-35.6803,-38.6187,-53.2213,-47.2556,-44.6854,-44.3831,-37.5494,-45.2325,-43.5283,-37.4917,-42.9845,-44.8354,-47.0926,-46.4018,-46.4599,-46.6699,-53.8102,-52.5114,-53.1134,-33.9974,-48.5555,-56.8175,-56.6671,-54.5514,-54.049,-39.112,-37.08,-27.031,-32.408,-35.4101,-36.98,-38.6643,-43.1692,-44.8443,-45.5958,-46.8014,-45.5609,-47.6721,-41.7978,-44.3433,-36.8103,-44.5387,-46.8742,-45.6936,-45.6355,-41.3842,-32.5223,-36.797,-38.6711,-35.9594,-36.3965,-31.4444
