   162   162     1
    341.466     391.407     366.339     81.7419     294.922       381.3     407.705     342.172     336.859     302.638     325.796     353.095     291.491     313.347     416.829      401.76     402.845     367.111     394.673       407.3    -15578.7      -17647    -17014.7    -16599.9    -16662.3    -16696.3    -17177.3    -14239.8    -14505.5    -13680.9    -17039.4    -15094.8    -13298.6    -15004.1    -16005.4    -16789.2    -17043.2    -14883.9    -14681.8    -15894.6    -13700.4      -12092    -12469.4    -15818.9    -17198.4    -17531.3    -18057.3    -17832.5    -16529.6    -16539.6    -16795.2    -16840.1    -16542.5    -16058.9    -15307.9    -15564.3    -15170.9    -14902.2    -14386.1    -16254.6    -17020.1    -17666.9    -17933.8    -17975.1    -17522.9    -17037.6    -16922.7    -16460.1    -16072.7    -15581.5    -14611.6    -13538.2    -12688.1      -16016    -16269.4    -16860.8    -16870.5    -17213.1    -17047.4    -14535.9      -16250    -15780.4    -13080.3    -12216.5    -12074.2      -17415    -14277.5    -16074.4    -15853.8    -15848.7    -16246.7    -16739.1      -17255    -15407.2    -14134.8    -15617.8    -16958.5    -17927.8    -15679.6    -14874.8    -13406.3    -13392.6    -14281.6    -14983.8    -15872.8    -16388.5    -15049.9    -17412.6      -17440    -17299.6    -15322.9    -17812.1    -16102.3    -18534.4    -19827.1    -17158.1    -14357.7    -18354.1    -19295.6    -14575.9    -15157.4    -16024.6    -17092.7    -18859.3    -16467.9    -16855.2    -18713.1    -18480.6    -17626.3    -12677.4    -13513.8    -19048.7    -17438.6    -15354.6    -19049.4    -17013.3    -15877.2    -10109.3    -14716.6    -11867.4    -13002.8    -15572.3    -16143.3    -16541.8    -17146.4    -18177.8    -17968.5    -18632.8    -14728.4    -17305.7    -15189.4    -14758.5    -16820.2    -17087.9    -16177.5    -18231.1    -14757.6      -14351    -15628.2    -15955.5    -16003.1    -14906.8
    391.407     503.022     458.441     3.99985     327.193     463.918     522.315     421.171      427.93     347.646     379.049     418.928     323.932      359.47     515.518     510.654     511.067     473.378     488.552     519.288    -19512.1    -23119.4    -22518.3    -22250.9    -22395.8    -22569.2    -23360.8    -18715.1      -18934    -17545.5    -22144.4    -18814.3      -15357    -18413.6    -20035.4    -21317.5    -21757.6    -18535.1    -18204.4    -20012.7    -16459.2    -13682.7    -14030.4      -19078    -21537.6    -22107.6    -23008.1    -22792.2    -20746.1    -20736.6    -21121.2    -21176.7    -20702.9    -19857.2    -18730.3    -18907.5    -18266.4      -17678    -16856.4      -20136    -21516.5    -22774.3    -23125.8    -23169.4    -22630.5    -21781.3    -21443.3    -20726.8    -20139.2    -19210.9    -17819.2      -16241      -14950      -19500    -20208.4    -21363.2    -21519.9      -22164      -21853    -18130.7    -21528.9    -20812.2    -16181.6    -14649.6    -14099.4    -21637.8    -17946.7    -21114.8    -21062.4    -21203.2    -21932.6    -22800.6    -23521.2    -20749.2    -17059.6    -19931.5    -22388.7    -24051.1    -20615.2    -18683.4    -16893.6    -17335.3    -18763.6    -19869.2    -21265.3      -22183    -19971.5    -22409.6    -22409.5    -22089.3    -18899.6    -22731.4    -21057.6    -24863.8    -25855.4    -21764.3    -17049.5    -23431.5    -24929.6    -17788.2    -18672.8    -20028.3    -21818.8    -24331.4    -20633.3    -21375.1    -24565.9    -24322.3      -22816    -14407.8    -16145.9    -25912.1    -23527.2    -20126.9    -25731.3    -21731.8    -19805.9    -11738.3    -17756.7    -14961.8    -16186.1    -20298.7      -21509    -22200.1    -23207.4    -24836.6      -24600    -25550.8    -19665.7    -23550.3    -18455.1    -17913.2    -21195.4    -21929.3      -20455    -23691.8    -17811.8      -17482    -19516.8    -19757.2    -19909.7      -18013
    366.339     458.441     439.432     56.5948     307.274     433.376     485.504     385.134     392.328     328.991     351.826     378.436     313.106     356.873     468.183     481.364     478.891     430.424     465.961     487.402    -17353.4    -20164.9    -19868.2    -19813.6    -20088.8    -20303.3    -20928.5    -17686.1    -17897.6    -16897.2    -19591.3    -16965.4    -14770.4    -17132.6    -18425.4      -19579    -19947.8    -17750.5    -17665.9    -18856.6    -16326.9    -14239.2    -14319.8    -17244.3    -19104.9    -19592.2    -20257.7    -20083.3    -18713.4    -18629.7    -18882.4    -18907.7    -18520.5    -17891.8    -16971.6    -17102.5    -16557.6    -16161.1    -15454.2    -17727.4      -18653    -19547.7      -19728    -19830.9    -19365.5      -18776    -18585.1    -18024.6    -17602.9    -17001.6    -15985.7      -14849    -13900.2      -17185    -17546.3    -18272.5    -18376.3    -18786.5    -18572.9    -15927.1    -20212.6    -19636.6    -16038.3    -14868.7    -14322.5    -19417.5    -15965.2    -18342.7    -18406.1    -18564.4    -19098.7    -19774.3    -20397.7    -18421.9    -15706.9    -18002.1    -19942.9    -21298.2    -19039.5    -16403.3      -15159    -15277.6    -16444.6    -17275.2    -18388.1    -19070.6    -17565.9    -19187.1    -19131.8    -18907.5      -16709    -20281.3      -19753      -22386    -22481.2    -19457.9    -15864.9    -20568.3    -21683.6    -15925.4    -16562.4    -17572.3    -18843.2    -20715.5    -18173.7    -18629.8    -22261.4    -22059.2    -20932.5    -14226.6      -15939    -23246.9    -21505.5    -19049.5    -22930.2    -18451.9    -17185.6      -10872    -16101.3    -13397.7    -15083.5    -17953.4    -18965.6      -19514    -20187.9    -21471.8      -21231    -22063.5    -17367.7    -20374.8    -16972.6    -16780.6    -19240.7    -18648.1    -17678.7    -19782.1    -15886.9      -15420    -16959.6    -17239.3    -17268.5    -16023.9
    81.7419     3.99985     56.5948     358.903     110.288     26.1463       -9.14     20.6928     19.9483     94.3334     74.2167     30.7083     137.816     123.158    -28.1848      22.206     8.15018     3.95118     54.6498     16.5826     1063.21      4447.1     3957.84     3646.34     3488.54     3370.29     4109.73    -1214.93     -1098.9    -2536.67     2578.96     -154.27    -4321.31    -823.639     723.214     1593.95      2087.5    -1267.09    -2127.93    -228.464    -4095.77    -7403.37    -7285.35    -569.248     2618.65     3271.14     4272.45     4473.62     2100.34      2334.6     2640.08     2770.85      2125.2     1335.14     389.345     150.044    -616.973    -1868.45     -2517.6     1553.94     3653.04     5266.87     5931.66     5667.72     5683.47     4730.32     4131.62     3555.61     2857.18     1323.66     214.558    -1385.63    -2693.55     215.862     2106.81     3837.45        4238     5117.38     4864.37     1287.95     995.335     435.981    -4222.45    -5801.27    -6483.94     505.495     616.404     3682.06     3628.75     3560.73     4253.66     4862.16     5183.37     2399.76    -1850.44     1224.54     3721.62     4865.47     1156.81     1480.16     165.442     1396.12     2249.47      3173.3     4065.87     4921.92     2327.08     5284.95     5312.51     4787.23     914.338     3526.81     366.726     4835.52     6953.95      3256.3    -2160.79     4695.59     6273.58     102.104     1195.15      2485.4     4541.73      6572.6     2833.75     4052.55     4082.89     4094.41     2697.84    -5918.29    -4263.32     5346.34     3268.91    -382.693     5240.04      4421.5     2004.94    -2972.42    -823.113    -406.718    -2718.55        1486     2559.98     3222.63     4407.08     5862.82     5920.76     6359.07     2140.87     5095.26    -1045.51    -1397.97     1899.94     4950.92     3343.17      6682.9    -1001.67    -17.5733     1990.79     1592.38     1865.68     -708.89
    294.922     327.193     307.274     110.288      297.96     327.845     338.136     294.146     283.309     294.326     312.713     332.966     287.024     281.164      354.53     334.405     333.258     305.587     333.875     337.804    -13649.2    -14674.3    -13911.8    -13401.4    -13278.8    -13226.3    -13532.1    -11511.7    -11872.5    -11377.2    -14378.3    -13253.7    -12308.6      -13128    -13530.5    -13996.4    -14040.3    -12421.2    -12312.9    -13246.6    -11746.2    -11013.8    -11620.6    -14258.2    -14844.5    -14946.8    -15202.3    -14919.5    -14050.2    -14095.2    -14375.6    -14473.2    -14360.3    -14077.6    -13655.3      -13964    -13802.9    -13780.1      -13698    -14818.7    -15278.8    -15626.2    -15789.2    -15801.6    -15354.5    -15125.3    -15043.9      -14707    -14406.7    -14043.7    -13383.4    -12561.2    -11946.4    -14940.5    -14938.3    -15216.4    -15173.1    -15412.5      -15293    -13462.6    -12997.3    -12713.2    -11150.3    -10736.7    -10906.7    -15312.8    -12429.3    -13463.6    -13035.3      -12885    -13137.8    -13385.6    -13794.9    -12476.6    -12770.6    -13296.8    -13913.9    -14500.6    -12703.8    -13040.4    -11556.9    -11428.7    -11908.7    -12347.7    -12925.9    -13320.3    -12419.6    -15463.5    -15517.6    -15406.6    -14024.4    -14851.6    -13089.3    -14758.4    -16234.6    -14386.1    -13079.2    -15569.3    -16006.5    -13339.7    -13701.1    -14381.3    -15130.6    -16417.9    -14626.1    -14817.2    -15069.4    -14841.2      -14301      -11871    -11849.1    -14971.1    -13798.3    -12459.2    -15267.6    -15309.8    -14563.1    -9417.07    -13580.4    -10288.5    -11416.5    -13180.2    -13328.7    -13524.3    -13839.8    -14504.6    -14358.5    -14760.2    -12066.6      -13946    -13614.7    -12950.2    -14173.7    -15243.1    -14560.6    -16170.3    -13885.8    -13405.9      -14346    -14683.3    -14615.6    -13942.8
      381.3     463.918     433.376     26.1463     327.845     493.774     506.946     408.435     395.132     374.456     405.011     440.401     337.889     395.283     545.876      490.29       496.5     429.361     481.127     497.024    -18789.2      -21937    -21164.5    -20664.2    -20804.1    -20786.8    -21565.7    -17010.6    -17362.6    -16194.2    -20666.6    -17859.7    -15798.1    -19125.7    -20825.4    -22269.1    -22659.2      -19635    -19204.9    -20846.3    -17355.5    -14318.2    -14470.3    -19620.8    -22455.1    -23230.9    -24241.2      -24120    -22189.3    -22224.3    -22534.5    -22537.6    -21982.7    -21098.7    -19769.3    -19745.6    -18891.2    -18061.2    -17314.4    -20742.5    -22200.6    -23507.8      -24016    -24063.3    -23387.9    -22689.4    -22365.5    -21696.1    -21080.6      -20043    -18581.2    -16864.4    -15368.7    -19457.6    -20299.6    -21394.1    -21586.9    -22207.5      -21990    -18447.2    -20714.6    -20046.5    -15492.4      -14216    -13752.6    -20925.3    -16980.4    -19697.9    -19463.8    -19384.1    -19933.3    -20605.8    -21224.6    -18552.7    -16620.7    -19196.3    -21325.9    -22798.8    -19536.5    -17847.6    -15913.7    -16061.5    -17161.8    -18209.8      -19335    -20073.6    -18050.8    -23113.4    -23061.7    -22616.8    -19136.7    -23754.2    -20186.9    -24054.5    -26993.7    -23207.9    -17898.8    -24574.4    -26219.9    -18187.8    -19397.8    -20839.1    -22781.4    -25142.2    -21788.4    -22594.4    -24815.8    -24562.9    -23355.4    -14897.9    -16884.5    -24426.5    -22221.5    -19012.8      -24164    -21523.8    -19875.2    -11344.8    -18508.5    -13833.1      -14793    -18529.5    -19439.2    -20039.6      -20952    -22505.1    -22240.1    -23164.2    -17717.3    -21269.3      -19013    -19011.9    -22400.4    -22246.9    -20920.6    -23431.1    -17689.9    -17498.6      -19684    -19935.7    -19665.1    -17903.1
    407.705     522.315     485.504       -9.14     338.136     506.946     575.726     445.809     450.162     367.286     400.748     443.786     338.298     395.662     561.704     547.175     561.925     497.578     525.469     555.694    -20650.3    -24678.8    -24185.5    -23962.8    -24149.4    -24341.7    -25261.6    -19557.7    -19865.4      -18298    -23014.3    -19489.9    -16440.6    -20143.9    -22105.1      -23647    -24184.3    -20722.6    -20249.3    -22102.2    -18132.8    -14814.3    -14953.2    -20333.6    -23294.4    -24065.6    -25095.7    -24898.4    -22660.2      -22662    -23020.5      -23053      -22458    -21501.6    -20171.1      -20242    -19430.5    -18629.4    -17729.5    -21404.9    -22979.4      -24448      -24815    -24904.9    -24251.8    -23424.4    -23066.7    -22274.3    -21554.8    -20520.1      -18989    -17207.7    -15707.6    -20346.3    -21200.5      -22496    -22649.1      -23341    -23058.2    -19112.7    -23530.8    -22672.3    -17134.4    -15451.5    -14782.2      -22678    -18742.6    -22222.4    -22251.2    -22349.2    -23092.7    -23998.7    -24769.9    -21765.6    -17961.4    -21412.1    -24317.8    -26131.9    -22572.6    -19549.9    -17729.3    -18112.2    -19577.3    -20832.9    -22267.1      -23222    -20854.6      -24004    -23977.7    -23557.2    -19936.7    -24946.9    -22729.3    -27495.6    -28261.7    -23842.2    -18187.3    -25477.3    -27223.4    -18801.9    -19921.1    -21445.4    -23458.4    -26182.1    -22299.8    -23149.5    -27153.5    -26952.7    -25295.3    -15260.4    -17603.8    -28043.3    -25587.4    -21563.4    -27406.8    -22780.5    -20723.4    -12078.5    -18938.2    -15498.8    -16629.3    -21022.1    -22339.7    -23168.4    -24305.1    -26146.2      -25896    -27003.8    -20557.1    -24740.8    -19702.1    -19440.2    -23145.5    -23272.8    -21730.3    -24936.1    -18489.4      -18163    -20515.3    -20741.6    -20804.5    -18722.4
    342.172     421.171     385.134     20.6928     294.146     408.435     445.809     373.514      366.38     311.782     340.862     377.168     291.099      317.42     455.513      429.66     436.669     403.016     417.025     437.399    -17165.7    -20100.3    -19434.6    -19023.9    -19033.8      -19097    -19736.1    -15223.2    -15544.9    -14364.4    -18784.9    -16150.1    -13613.2    -16170.1    -17544.2    -18599.9    -18979.9    -16044.8    -15698.9    -17325.9    -14217.6    -11835.5    -12252.8    -16985.5    -19037.4    -19570.4    -20348.2    -20147.2    -18327.4    -18376.6    -18702.1    -18755.5    -18362.6    -17650.4    -16638.1    -16805.3    -16268.4    -15755.6    -15107.8    -17918.3    -19113.5    -20179.8    -20565.3    -20584.9    -20059.6    -19379.3    -19153.5      -18562    -18008.2    -17183.5      -15930    -14505.2      -13310    -17356.8    -17930.6    -18901.2    -18979.4    -19555.8    -19308.5    -16021.5    -18068.1    -17383.5    -13454.2    -12209.2    -11879.1    -18832.6    -15704.7    -18334.8    -18176.9    -18170.7    -18733.4    -19432.3      -20009      -17542      -15017    -17283.9    -19290.8    -20611.1    -17516.5    -16436.9    -14761.8    -15033.7    -16188.3    -17130.9    -18280.9    -18994.6    -17060.8      -19891    -19941.9    -19671.1    -16822.9    -19981.8    -17656.8    -21204.9    -22751.2    -19215.8    -15121.7    -20738.6    -22060.1    -15836.7    -16690.2    -17910.2    -19449.9    -21680.5    -18449.4    -19079.3    -21165.6    -20949.8    -19722.6    -12689.4    -13981.9    -21817.7    -19753.6    -16700.6      -21634    -19173.7      -17502    -10428.4    -15793.1    -13010.8    -13671.1    -17249.2    -18166.8    -18750.7    -19657.9    -21070.6    -20908.3    -21680.7    -16721.3    -20037.3    -16277.1    -15767.8    -18628.6    -19436.7    -18188.3    -20922.6      -15793    -15496.4      -17249    -17521.8    -17635.2      -15970
    336.859      427.93     392.328     19.9483     283.309     395.132     450.162      366.38     385.435     300.156     328.093     360.975     283.653     310.072     436.686     432.003     441.196      423.25     416.213     441.331      -17035    -20187.4    -19747.1    -19557.3    -19635.4    -19776.5    -20366.9    -15920.9    -16069.9    -14866.8    -18708.5    -16030.2    -13306.3    -15767.4    -17141.7      -18127    -18489.1    -15790.8    -15501.1    -16952.1    -14059.7    -11849.1      -12244    -16447.5    -18368.2    -18836.2    -19543.6    -19291.4    -17569.2    -17581.8    -17861.8    -17895.1    -17524.5      -16830    -15882.5    -16081.5    -15614.6    -15211.3    -14645.7    -17258.3    -18336.9    -19389.9    -19585.7    -19703.6    -19154.1    -18506.4    -18285.9    -17686.7    -17170.2    -16440.9      -15273    -14019.2    -12965.8      -16754    -17328.5    -18265.5    -18350.6    -18892.4    -18633.3    -15611.4    -18275.5    -17609.7    -13744.7    -12521.1    -12143.1    -18435.4    -15876.8    -18646.7    -18739.9    -18918.5    -19489.4    -20208.6    -20752.2    -18444.5    -14863.8    -17332.4    -19423.2    -20780.3    -17980.4    -16339.5    -15149.9    -15557.5    -16856.7    -17816.7    -18997.5    -19716.8    -17869.4    -19050.4      -19060    -18807.1    -16218.2    -19259.2      -17849    -21283.4    -21748.1    -18401.3    -14567.8    -19744.3    -21003.9    -15304.9    -15987.9    -17108.6      -18540    -20619.2    -17607.5    -18169.9    -20710.9    -20563.6    -19272.5    -12485.1    -13803.8    -21934.2      -20033    -17068.6    -21587.3    -18552.9    -16988.6    -10504.5    -15271.8    -13566.4    -14198.2    -17647.2      -18695    -19346.8      -20260    -21641.8    -21573.5    -22306.2    -17650.3    -20714.6      -15726    -15191.9    -17884.8      -18659      -17472    -20160.4    -15374.1    -15073.1    -16714.1    -16925.1    -16993.3    -15472.7
    302.638     347.646     328.991     94.3334     294.326     374.456     367.286     311.782     300.156      414.25     423.466     428.409     335.265     322.713     413.332     361.936     358.889     318.739     358.729     365.693    -13993.7    -15540.4    -14914.8    -14710.2    -14664.9    -14609.3    -14997.5    -12813.4    -13093.6    -12546.2    -14971.1    -13618.2    -12831.2    -14410.7    -15234.7    -16059.9    -16203.5    -14576.7    -14473.2    -15282.7    -13410.8    -12095.9    -12241.7    -15613.6    -17307.1    -17814.5      -18547    -18397.3    -17453.6    -17660.6    -17749.6    -17662.2    -17530.4    -17110.1    -16320.1    -16110.4    -15520.8    -14864.5    -15662.7      -18436    -19864.9      -20686    -21185.8    -21285.9    -20841.6    -20434.4    -20141.5    -19446.6    -18917.6    -18019.7      -16783    -15566.1    -14241.6    -16916.9    -18256.1    -19166.5    -19536.2    -20290.6      -20411    -18466.7    -14580.1    -14362.4    -12279.2    -11555.5    -11630.5    -15546.6    -12750.4    -14059.6      -13925    -13812.2      -14253    -14350.4    -14857.1    -13430.9    -12945.2    -14101.3    -15047.1    -15934.4      -14093      -13159    -12028.6    -11991.2    -12630.2    -13075.9      -13782    -14234.4      -13238    -21011.7    -20865.1    -20157.2    -16673.8    -17084.9    -14607.3    -16425.1    -19456.5      -17714    -14928.6      -18525    -19434.5      -16074    -17411.9    -18591.8    -20438.8    -21092.4    -19126.5    -19719.9    -17071.3    -16967.3    -16321.7    -12521.2    -13336.6    -16604.5    -15344.5    -13859.3    -16782.2    -19288.8    -18284.1    -9492.66    -16584.3    -10840.2    -11745.2    -13630.8    -14088.9    -14307.1    -14753.7      -15543    -15424.8    -15939.6    -12906.4    -14948.3    -14984.2    -14949.8    -16829.3      -20281    -19485.3    -20545.9    -15953.4    -16588.6    -18347.2    -18023.7    -17073.1    -15919.9
    325.796     379.049     351.826     74.2167     312.713     405.011     400.748     340.862     328.093     423.466     449.424      459.69     349.625     337.742     452.724     389.947     389.895     349.785     385.683     395.025      -15539    -17516.1    -16723.8    -16323.7    -16259.2      -16177    -16676.4    -13651.8    -13957.8    -13247.3    -16656.6    -14975.4    -13664.9    -15611.2    -16627.8    -17535.3    -17758.5    -15560.6    -15352.1    -16482.5    -14068.5    -12338.7    -12608.3    -17078.6    -19101.8    -19675.2    -20523.5    -20387.3      -19058    -19335.1    -19457.4    -19409.3      -19187    -18694.4      -17747    -17536.6    -16873.4    -16107.4    -16755.6    -19952.4    -21592.6    -22614.9    -23208.5      -23308    -22839.2    -22372.2    -22013.4    -21310.1    -20676.1    -19652.8    -18211.8    -16726.6    -15193.7    -18403.4    -19793.8    -20926.8    -21303.9      -22167    -22241.2    -19754.1    -15827.2    -15509.7    -12760.7    -11892.9    -11943.3      -17190    -14127.5    -15868.8    -15619.9      -15504      -16002    -16266.6    -16812.1    -14932.1    -14096.7      -15569      -16780    -17814.5    -15365.1    -14703.6    -13286.7    -13337.7    -14118.5    -14725.9    -15583.3    -16155.1    -14786.7    -22978.9    -22907.3    -22212.3    -18212.8    -18936.2    -15767.8      -18267    -21840.6    -19498.8    -16002.5    -20612.6    -21736.3    -17471.5    -18973.5    -20327.1    -22372.2    -23447.2    -20888.4    -21583.9      -18883      -18733    -17923.3      -13085    -13980.1    -18523.9    -16932.5      -14893    -18713.4    -21100.9    -19773.3    -10184.5    -17765.7    -11896.6    -12594.4    -15162.6    -15702.1    -16016.8    -16632.8    -17639.1      -17507    -18089.5    -14376.1      -16910      -16248    -16091.6    -18427.8    -22281.9      -21260    -22708.6    -17212.2    -17801.8    -19805.9    -19519.5    -18725.5    -17236.7
    353.095     418.928     378.436     30.7083     332.966     440.401     443.786     377.168     360.975     428.409      459.69      490.97     359.884     348.798     501.266     426.009     430.974      388.21     418.185     432.934    -17644.1    -20336.1    -19258.6    -18620.2    -18456.7    -18352.6    -18992.3      -14623    -15024.2    -13981.3    -19036.2    -16771.7    -14526.1    -17118.9      -18447    -19530.3    -19829.4    -16720.5    -16335.3    -18009.7    -14730.9    -12332.4    -12816.7      -18850    -21368.7    -21989.4    -23021.5    -22842.8    -20938.4    -21254.2    -21541.3    -21552.9    -21173.6    -20562.5    -19406.4    -19307.6    -18556.3    -17655.6    -17977.6    -21784.7    -23709.2    -24997.1    -25672.7    -25731.4    -25198.1    -24580.5    -24168.3    -23390.8    -22629.2    -21410.1    -19686.2    -17876.7    -16097.9    -20313.8    -21834.4    -23224.2    -23576.4    -24549.3      -24529    -21095.2    -17462.3    -16956.3    -13211.5    -12078.4    -12055.9    -19482.9      -15977    -18392.1      -17991    -17788.5      -18412      -18842    -19484.6    -16894.4    -15544.3      -17528    -19263.8    -20527.3    -17073.6    -16861.1    -14879.5    -15127.8    -16050.8    -16944.5    -18022.2    -18777.3    -16799.9    -25278.7    -25309.3    -24646.7    -20086.4    -21425.4    -17335.9    -20939.9    -25046.3    -21687.3      -17237    -23343.8    -24732.4    -19066.7    -20661.6    -22272.7    -24553.3    -26378.6    -22839.7      -23695    -21480.4    -21252.5    -20155.7    -13600.7    -14632.4      -21241    -19072.1    -16183.9    -21487.4    -23517.8      -21628    -11018.8      -19040    -13221.1    -13582.6    -17180.6    -17844.6    -18285.4    -19191.2    -20549.8      -20378    -21090.5      -16273    -19588.4    -17843.4    -17419.2    -20447.3    -24656.1    -23235.9    -25610.6    -18738.7    -19252.3    -21574.7    -21387.7    -20882.7      -18893
    291.491     323.932     313.106     137.816     287.024     337.889     338.298     291.099     283.653     335.265     349.625     359.884     323.583     306.173     360.764     336.921     336.561     300.857     342.038     340.426    -13290.8      -14147    -13507.3    -13153.6    -13070.1    -13077.2    -13239.6    -11946.7    -12256.5    -11964.3    -13937.2    -13083.5    -12790.4    -13423.6    -13763.5    -14254.8    -14251.8    -13139.7    -13150.3    -13721.8    -12735.8    -12330.6    -12784.3    -14484.7    -15062.5    -15174.7    -15495.8    -15194.3    -14668.9      -14714    -14850.8    -14834.8    -14836.9    -14641.8    -14191.5    -14358.8    -14271.4    -14234.4    -14353.4    -15448.1    -15924.8    -16136.6    -16378.7      -16486    -16043.3    -15921.4    -15786.7    -15455.3    -15255.6    -15035.1    -14374.1    -13790.1    -13211.4    -15228.7    -15417.7    -15747.8      -15811    -16066.9    -16107.4    -14780.7    -13214.9    -13025.6    -11950.6      -11673    -11883.9    -14968.8      -12210    -12957.6    -12651.9    -12501.2    -12681.5    -12749.9    -13155.7    -12189.3    -12801.2    -13214.2    -13592.6    -14120.6    -12855.8    -12566.7    -11500.5    -11263.8      -11631    -11946.7    -12415.4    -12693.6    -12061.3    -16238.9    -16236.3    -16081.6    -14838.1    -14876.2    -13357.9    -14421.8    -16088.3    -14812.1    -13816.7    -15558.3    -16016.1    -14277.7    -14617.8    -15230.8    -15917.1    -16677.4    -15371.3    -15534.2    -14914.8    -14690.2    -14346.5    -12785.4    -12810.5    -14512.1    -13626.8    -12821.5    -14792.8      -15833    -15284.4    -9619.15    -14320.9    -10301.9    -11704.1      -12835    -12883.3    -12977.3    -13218.6    -13704.5      -13576    -13931.9    -11813.8    -13228.8    -14040.4    -13617.6    -14559.7    -16030.8    -15510.2    -16504.2    -14647.7    -14368.8    -15149.2      -15290    -15184.7    -14730.5
    313.347      359.47     356.873     123.158     281.164     395.283     395.662      317.42     310.072     322.713     337.742     348.798     306.173      361.27     418.464     392.335     392.288     330.091     393.941     394.818    -14081.8    -15466.2    -15156.5    -14913.9    -15157.5      -15199    -15542.3    -13874.6    -14147.9    -13698.8    -15133.9    -13789.7    -13774.1    -15470.4    -16338.9    -17290.1    -17381.3      -16258    -16130.8    -16658.6    -15206.9    -13891.9    -13836.8    -15495.6      -16826      -17312    -17748.9    -17576.4    -16901.5    -16806.3    -16871.5    -16775.2    -16528.8    -16066.6    -15289.7    -15311.9    -14846.1    -14559.3    -14244.6    -15666.5    -16158.6    -16687.6    -16861.6    -16964.5    -16419.8    -16163.5    -16044.8    -15709.4      -15445    -15134.8    -14408.3    -13577.1    -12885.7    -14885.5    -15007.8    -15272.5    -15390.7    -15538.4    -15484.2    -13963.2      -16147    -15812.2    -13710.4    -13245.5    -13020.6    -15899.7    -12837.7    -13983.7    -13857.5    -13836.4    -14061.4    -14308.5    -14657.4    -13552.8    -13413.8    -14562.9    -15440.6    -16239.6    -15030.5    -13165.6      -12231    -11934.5    -12534.8    -13010.3    -13578.4    -13847.6    -13138.8    -16303.2    -16174.7    -15937.5    -14508.3    -17703.5    -15882.3    -17422.9    -18939.7    -17297.2    -14703.3      -17655      -18565    -14088.8      -14637    -15378.5    -16300.9    -17332.6    -16080.5    -16364.6    -18297.5    -18141.5    -17640.1    -13622.7    -14842.4    -17473.7    -16501.6    -15243.1    -17241.7    -15172.4    -14750.4    -9652.68    -14811.6    -10759.9    -12326.6    -13737.8    -14142.9    -14358.1    -14667.3    -15401.7    -15205.9    -15770.5    -12978.8    -14709.4    -15169.1    -15390.4      -17020    -15601.3    -15122.6    -15865.2    -13986.2    -13536.7    -14638.2    -14938.7    -14442.7    -13975.8
    416.829     515.518     468.183    -28.1848      354.53     545.876     561.704     455.513     436.686     413.332     452.724     501.266     360.764     418.464     621.064      536.99     546.457      476.02      521.97     545.678    -21374.4    -25424.8    -24351.3    -23588.9    -23660.5    -23561.4    -24537.9    -18376.9    -18846.6    -17267.1    -23642.5    -20095.2    -16958.2    -21226.3      -23403    -25069.1    -25577.7    -21451.5    -20782.1    -23046.4    -18394.4    -14457.5      -14747    -22208.6    -25973.6    -26956.8    -28298.1    -28185.8    -25490.2    -25646.3    -26037.7    -26058.4    -25331.4    -24247.8    -22562.3    -22510.2    -21401.4    -20235.3    -19348.5    -24014.6    -26114.6    -27873.6    -28617.9    -28578.6    -27823.5    -26856.3    -26378.8    -25534.4    -24704.6    -23223.1      -21297    -18989.2      -17018    -22344.2    -23695.9      -25257    -25566.8    -26458.9    -26161.2    -21446.1    -22853.8    -21992.7    -16177.9    -14518.6      -13966    -23683.8      -19251    -22805.6    -22442.6    -22278.1    -23027.3    -23860.6    -24617.1    -21047.6    -18366.5      -21664      -24407    -26234.7    -21743.5    -20448.6    -17923.3    -18300.3      -19666    -20988.6      -22429    -23399.1    -20590.4    -27463.1    -27431.3    -26823.5    -22032.3    -27342.8    -22251.6    -27431.9    -31778.8    -26818.3    -19912.6    -28713.1    -30878.9    -20802.5    -22431.6    -24338.1    -26947.7    -29985.8    -25449.6    -26607.3    -28223.1    -27946.1      -26353    -15649.1    -17905.3    -27928.8      -25022      -20737    -27768.4    -25542.5    -23186.4    -12371.1    -20981.4    -15529.5    -15991.7    -21038.9    -22155.3    -22907.7    -24173.5      -26164    -25887.4    -26961.5    -20138.2    -24670.6    -21294.7    -21107.8    -25534.6    -26450.8    -24638.5    -28154.5    -20079.1    -20100.3    -22964.9    -23162.2    -22899.8    -20378.5
     401.76     510.654     481.364      22.206     334.405      490.29     547.175      429.66     432.003     361.936     389.947     426.009     336.921     392.335      536.99     553.705     539.341      476.89     520.941     545.603    -19654.3    -23068.8    -22614.8    -22514.6    -22764.6    -23004.4    -23789.1    -19615.4    -19863.3    -18607.9    -22365.4    -19084.7    -16293.4    -19361.7    -21037.7    -22525.1    -23040.6      -20129    -19888.6    -21503.9    -18157.5    -15423.6    -15478.8      -19532    -22062.5    -22636.2      -23591    -23414.1      -21591      -21567    -21865.3    -21940.8    -21412.7    -20615.3    -19441.1    -19599.1    -18809.9    -18160.2    -17268.4    -20307.5    -21579.8    -22784.6      -23128    -23201.7    -22612.1    -21872.1    -21585.2    -20881.7    -20294.8    -19462.6    -18132.1    -16623.1    -15346.1    -19503.5    -20121.5    -21156.1    -21293.5    -21859.3    -21569.5    -18154.2    -22912.2    -22216.4    -17576.2    -16109.2      -15428    -21991.6      -17962    -20920.2    -20880.5    -21065.5    -21740.6    -22555.1    -23305.5    -20703.3    -17484.4      -20336    -22789.7    -24454.8    -21407.9      -18665    -16926.3    -17170.4    -18557.8    -19635.7    -20924.7    -21806.4    -19794.8    -22399.8      -22322    -21963.3    -19015.4    -23516.8    -22333.5    -25837.5    -26436.7    -22615.1    -17838.8    -24053.2    -25480.9    -17984.2    -18920.5    -20248.7    -21937.7    -24299.2    -21005.1    -21708.3    -25867.7    -25618.9    -24190.8    -15536.8    -17711.5    -26756.7    -24515.3    -21350.4    -26414.7    -21381.8    -19697.2    -11832.4    -18180.7    -14874.5    -16538.9    -20270.7    -21472.4    -22129.3    -23011.4    -24612.2    -24322.9      -25329    -19542.9    -23278.4    -19219.7    -18983.7    -22208.8      -21673    -20389.7    -23174.7    -17869.3    -17462.7      -19455    -19737.1    -19719.6    -18062.1
    402.845     511.067     478.891     8.15018     333.258       496.5     561.925     436.669     441.196     358.889     389.895     430.974     336.561     392.288     546.457     539.341     565.255     485.968     519.432     546.824    -20138.3    -23936.2    -23510.3    -23275.9    -23493.7    -23721.6    -24593.4    -19280.1    -19562.9    -18159.1    -22392.7    -19060.5    -16243.6    -19739.4    -21637.4    -23081.1    -23594.3    -20400.1    -19954.2    -21657.1    -18038.1    -14957.6    -15050.2    -19817.5    -22567.4      -23264    -24188.9      -24011    -21948.7    -21959.5    -22279.9    -22349.6    -21763.9    -20902.5    -19639.6    -19753.9    -19026.4      -18267    -17364.5    -20666.3    -22123.4    -23412.5    -23723.6    -23844.9    -23209.5    -22445.5    -22150.6    -21409.1    -20792.7    -19869.8    -18482.4      -16810      -15438    -19782.3    -20488.7    -21688.3    -21836.4    -22420.2    -22152.1    -18448.3    -23112.1      -22288    -17055.1    -15482.6    -14855.4    -22154.5    -18295.9      -21515    -21589.7    -21646.5    -22349.1    -23223.5    -23937.4    -21132.4    -17668.1    -20929.2    -23686.3    -25382.3    -22143.8    -19055.9      -17333    -17627.4    -19025.6    -20207.7    -21512.7    -22421.2    -20222.3      -22962    -22954.5    -22595.4    -19379.8    -24178.2    -22360.9    -26800.2    -27226.8      -23062    -17877.3    -24610.8    -26208.8    -18283.2    -19265.7    -20669.6    -22533.9    -25094.6    -21499.1    -22268.3    -26466.8    -26290.5    -24716.5    -15243.2    -17482.5    -27283.3    -24975.2    -21221.4    -26624.9    -21954.4    -20065.7    -11930.6    -18417.1      -15123    -16435.5    -20487.4    -21727.2    -22481.5    -23499.9    -25248.4    -25001.3    -26064.5    -19972.5    -23872.5    -19293.5    -19046.6    -22482.9    -22339.9    -20891.7    -23925.6    -18091.1      -17707    -19828.6    -20087.5    -20183.7    -18295.3
    367.111     473.378     430.424     3.95118     305.587     429.361     497.578     403.016      423.25     318.739     349.785      388.21     300.857     330.091      476.02      476.89     485.968     480.321     454.753      486.11    -18815.4    -22496.3    -22104.4    -21944.2    -21988.3      -22223    -22879.2    -17574.2    -17681.9    -16245.9    -20706.4      -17577    -14337.2    -17166.3    -18719.2    -19857.1    -20283.9    -17194.3    -16835.6    -18556.3    -15196.8    -12591.4    -13049.1    -17848.4    -20012.2    -20579.9    -21364.7    -21120.4    -19123.9    -19111.9    -19472.7    -19495.9    -19125.8      -18291    -17220.6    -17454.2    -16914.1    -16444.4    -15745.3    -18692.7    -19920.8    -21109.3    -21336.9    -21498.2    -20926.2    -20222.4    -19966.6    -19286.8    -18692.2    -17862.9    -16556.5      -15147    -13909.6    -18209.1    -18811.5    -19869.7    -19950.7    -20542.2    -20286.5    -16795.6    -20231.2    -19447.9    -14925.3    -13446.4    -13021.9    -20250.4    -17493.8    -20793.2    -20956.7      -21182    -21850.1    -22713.6    -23328.2    -20662.6    -16277.4    -19175.6    -21667.5    -23219.3      -20002    -18083.2    -16738.4    -17268.1      -18777      -19891    -21236.7    -22078.1    -19951.5    -20813.6    -20876.3    -20619.9    -17667.5    -21122.2    -19677.9    -23718.7    -23964.8    -20078.9    -15692.5    -21694.7    -23102.2    -16649.1    -17389.7    -18659.7    -20269.3    -22692.7    -19156.7    -19833.1    -22965.3    -22793.2    -21287.3    -13318.7    -14875.7      -24528    -22346.2    -18816.9    -24036.7    -20231.7    -18393.3    -11395.5    -16405.3    -14966.6    -15579.1      -19583    -20838.2    -21645.6    -22738.9    -24329.6    -24263.4    -25113.4    -19682.2    -23277.1    -17096.3    -16448.7    -19552.3    -20461.9    -19069.1    -22050.1    -16606.1    -16221.4    -18091.6    -18344.2    -18581.3    -16770.2
    394.673     488.552     465.961     54.6498     333.875     481.127     525.469     417.025     416.213     358.729     385.683     418.185     342.038     393.941      521.97     520.941     519.432     454.753     515.752     525.563    -19042.8      -22020    -21514.2    -21288.4    -21541.1    -21709.1    -22422.4    -18705.2    -19002.6    -17880.4    -21260.6    -18431.4    -16241.9    -18946.4    -20411.5    -21739.5    -22195.7    -19656.2    -19543.1    -20957.7    -18070.9    -15646.6    -15742.4    -19118.9    -21245.8    -21768.6    -22556.6    -22381.3    -20808.6    -20762.5    -21094.5    -21131.2      -20712    -20008.5    -18929.2    -19091.8      -18455    -17971.4    -17051.6    -19576.6    -20636.7    -21647.4    -21936.5    -21995.1    -21445.4    -20829.6    -20599.4    -19993.5    -19506.6    -18846.6    -17644.6    -16363.5    -15269.7    -19003.1    -19377.1    -20208.1    -20267.5    -20724.2    -20484.4    -17438.6    -21927.2    -21286.3    -17175.9    -15933.2    -15376.9    -21335.2    -17370.7    -19872.3    -19803.2    -19829.6    -20417.1    -21089.5    -21750.8    -19471.4    -17181.1      -19617    -21696.1    -23129.7    -20478.8    -17971.9    -16320.3      -16386    -17554.4    -18486.3    -19661.2    -20395.2      -18649    -21246.8    -21210.6    -20943.3    -18477.9    -22610.3    -21396.8      -24479      -25175    -21736.5    -17652.3    -23063.4    -24270.2    -17551.4      -18325    -19488.4    -20893.3      -23083    -20175.9    -20731.5    -24751.5    -24482.2    -23282.1    -15703.2    -17639.1    -25231.4    -23257.3    -20440.1    -24884.6    -20313.7    -18921.7    -11726.6    -17723.3    -14262.7    -16032.4    -19306.1    -20223.3    -20800.3    -21562.8    -23012.3      -22680    -23660.3    -18431.1      -21769    -18879.5    -18702.5    -21539.4    -20608.1    -19474.6    -21875.7    -17475.6    -16920.6    -18688.4    -19027.8    -19032.9    -17662.3
      407.3     519.288     487.402     16.5826     337.804     497.024     555.694     437.399     441.331     365.693     395.025     432.934     340.426     394.818     545.678     545.603     546.824      486.11     525.563     553.538    -19992.6    -23612.4    -23160.5    -22990.9    -23265.6    -23484.2    -24308.3      -19805    -20064.7    -18715.1    -22682.3    -19325.2    -16329.4    -19609.9    -21350.4    -22814.1    -23335.3    -20300.2    -20070.4      -21740    -18248.3    -15304.8    -15385.8    -19781.2    -22404.8    -23084.4    -23996.8    -23855.7    -21934.4    -21889.7    -22243.8    -22287.6    -21762.9    -20914.6    -19698.9    -19800.7    -19035.2      -18358    -17419.6    -20655.3      -22027      -23298    -23610.8    -23703.6    -23127.6    -22348.7    -22042.3      -21315      -20736      -19832    -18464.1    -16893.4    -15569.8    -19793.3    -20467.4    -21561.9    -21715.8    -22317.5    -22047.2    -18476.1    -23213.4    -22491.3    -17626.8    -16066.8    -15375.3    -22293.6    -18270.7    -21378.9    -21391.9    -21525.2    -22213.1    -23080.6    -23806.8    -21114.3    -17676.5    -20700.4    -23259.5    -24970.8    -21812.6    -18951.9    -17232.9      -17519    -18923.8    -20017.9      -21380    -22286.9    -20168.2    -22873.4    -22826.6    -22481.1    -19354.2    -23931.5    -22577.7      -26303    -26994.2    -22982.9    -18014.4    -24487.7    -25983.5    -18308.7    -19273.1    -20639.4    -22412.4    -24888.1    -21409.9    -22133.6    -26251.1    -25995.3    -24537.1    -15533.1    -17765.6    -27262.6    -24960.1    -21575.4    -26860.3    -21824.8    -20020.7    -11960.5    -18437.4    -15104.6    -16667.3    -20597.3    -21833.9    -22541.1    -23483.1      -25169    -24868.9    -25925.9    -19929.3    -23796.3    -19420.9      -19206    -22545.1    -22193.9    -20836.9    -23701.7    -18098.3    -17717.4    -19793.8    -20068.5      -20112    -18326.4
