   162   162     1
   5.22397    2.78677   -1.58396   -17.2135  -0.778998  -0.867967 -0.0932101    1.07366   -3.17453   -12.8304   -9.65107   -4.30724   -7.54598   -8.96899     2.6289   0.766956   -2.26932    -3.2122    1.38291    1.79708   -277.799     -351.4   -161.989   -20.6338    39.6841    66.1862    27.7992    246.635     181.19    247.456   -395.131   -284.119    111.981     56.463    31.7653    10.3547   -9.78056    298.304    268.019     74.815    295.238    412.352    298.424   -146.237   -163.783   -122.286   -127.251   -104.497    84.8771     65.195    13.5081   -30.9354    3.43623    22.3569    28.5484   -48.3435   -90.2262   -95.8958    15.6679    -33.188   -80.5943   -99.4119   -125.721   -97.7579   -74.2426   -20.5432   -1.79087    10.1439    11.1788    50.7031    104.892    185.336    189.789   -175.442   -147.693   -163.609   -120.954   -120.227   -88.2316    267.101    130.047     126.87    279.952    345.012    297.682   -442.721   -178.267   -245.287   -118.191   -56.8143   -75.7134   -97.8664   -130.925    111.919   -112.809    -114.16   -166.135   -188.001    168.239   -329.108   -29.1867   -10.9402    -24.339    -67.819   -121.009   -180.099    15.8942   -51.7421   -73.6606   -113.845   -81.9032   -169.161    55.4201   -138.681   -366.247   -26.7362    51.3036    -246.16   -270.046   -7.68827    58.4802    16.7663   -15.8167    -263.66    34.4694    9.02097   -236.485   -162.695   -112.998    192.344    242.531     -253.2   -13.9435    127.488    -380.58    -182.48   -36.4306    71.8862    123.389    92.9517     176.83   -118.513   -70.6236   -92.6952   -146.153   -218.495    -203.92   -255.259    87.9597   -155.806   -78.2841    106.008   -73.8309   -79.3615    54.7299   -300.998   -4.61932    97.5548    13.4741   -80.1596   -148.135   -57.6582
   2.78677    6.14986   -1.93687   -24.9498    -1.3662   -1.37378  0.0543023    1.35882     -4.448   -16.4472   -12.7518   -5.67252   -10.4972   -12.8016    3.32893    1.20606   -2.70489   -4.03959     1.3551    2.20753   -352.656   -467.052   -207.807   -34.7487    62.9752    112.717    31.4605    336.298     264.61    357.691    -536.81    -350.45    188.451    95.5346    61.8286    4.49659      22.35    405.289    391.999    103.889    427.854    574.931    414.132   -178.125   -212.213   -145.352   -191.439   -130.058        134    106.936    12.6457   -45.6305   -23.4245    34.6808    40.5364   -27.0994   -92.1795   -103.247    59.1129   -55.8209   -101.116   -157.937   -178.309   -121.298   -102.618   0.152289     28.326    31.1708    33.8805    82.8636    167.701    262.237    279.175   -238.623   -175.914   -205.725   -155.867    -175.28   -94.5959    376.576    166.905    173.936    417.775    483.332    443.545   -581.092   -215.825   -339.559   -155.701    -60.083   -89.4079   -126.023   -161.469    139.957   -114.847   -121.676   -210.411   -274.018    245.715   -434.066   -4.51461   -35.9729   -25.7338   -76.7373   -147.231    -212.21     45.426   -56.8249   -102.661   -146.933   -106.765   -222.781    69.4798   -174.247   -475.947   -3.24906    96.0652   -319.952   -354.836    13.7825     104.27    40.8799   -24.3109   -371.216    61.1698     16.779   -318.476   -237.946   -132.665    269.962    341.429   -322.853   -19.3843    189.198   -524.054   -237.623    -53.335    102.199    169.464    165.417    246.843   -163.474   -118.759   -127.536    -201.61   -303.883   -273.978   -328.454    132.661   -213.249   -131.153    157.833   -76.6403   -103.016    89.4975   -412.459   -16.2658    150.184    35.3805    -93.592   -183.485    -63.297
  -1.58396   -1.93687    8.07923    33.2183    3.89013    4.47105    2.64437   0.693164    7.69551    23.8831    19.0719    9.74864    15.9106    18.6231   -1.91567  -0.293858    3.79797    6.81159  -0.415728  -0.738797    360.982     497.53    177.227   -60.6291   -166.988   -206.221   -140.436   -518.044   -441.904   -560.823    597.102    324.262   -372.976    -229.61    -167.01    -127.17   -92.2233   -604.354   -585.863   -216.203   -636.015    -831.18   -663.038    111.064    156.333     82.846    109.887    71.3275   -266.274   -227.944    -94.944   -29.2469   -49.8357   -121.935   -170.966   -35.3888    3.19029    40.8768   -200.343   -45.8502    20.7754    95.3015    119.825    59.9576    1.32463   -90.3482    -106.01   -134.971   -164.125    -182.55   -306.762   -434.417   -471.039    173.037    77.3815    152.689    89.8733    102.102    19.0178   -530.172   -286.673   -290.092   -600.702   -704.717   -656.772    633.539     184.85     347.34    102.991   -5.31642    22.5385    89.1051    131.004   -277.005    18.5556    57.8336    179.204    232.559   -394.465    437.037   -62.6618   -55.2035   -49.8065    20.3876      100.2    203.587    -168.17    -13.439    32.0155    85.1738    25.8579     177.55   -177.489    157.587    507.788   -73.1955   -244.958    343.893    364.129   -132.269   -221.262    -128.18   -78.3868    388.742   -200.561   -114.806    304.752    224.638    89.4508   -442.332   -529.997    330.936    -64.253    -341.21    577.844    188.726   -61.9247   -222.791   -316.796   -290.259   -405.959    134.963      57.79    64.2943    155.719    324.168    268.086    350.013   -234.591    189.069    43.3423   -274.005    26.8162    29.9916   -187.732    416.858   -103.776   -279.393   -132.167    22.4853    124.374   -47.6368
  -17.2135   -24.9498    33.2183    274.924    24.8234    28.0774    15.6671   -1.21467    58.8748    188.527    149.024    74.6751    123.749    146.846   -23.7354   -7.91313    32.3881    52.1574   -10.2941   -12.8218    3286.03       4470    1775.77   -98.9782   -1069.55   -1521.84   -846.062   -4197.83   -3297.99   -4319.34     5174.9    3182.35   -2595.44   -1504.24   -1054.91   -650.807   -546.726   -4765.83   -4545.44   -1546.22   -5049.64   -6626.49   -5076.07    1277.85    1705.67    1092.17    1413.84    922.456   -1939.55   -1608.62   -590.732     78.498   -231.056   -731.331   -1018.02   -36.2543    408.137    662.572    -1181.3   -103.901    549.825    1120.84    1260.29    750.624    440.757   -415.973   -554.162   -724.084   -926.255   -1383.11   -2266.56   -3285.59   -3516.07    1768.56    1137.03    1609.71     1144.1    1292.82    489.703   -4180.22   -2099.66    -2279.5    -4741.3   -5531.27      -5250     5600.9    1862.08    3151.77    1202.32    194.117    454.971    937.063    1374.74   -1993.84    581.688    828.513    1830.97    2218.09   -3069.34     3994.1   -221.101   -187.831   -188.115    385.236    1133.56    1857.03   -1017.58    172.165    556.007    1036.21     580.69    1827.54   -1137.68     1513.3    4619.69   -343.062   -1683.35    3099.43       3335    -619.36   -1530.34   -798.792   -328.728    3487.31   -1238.32    -643.69    2817.19    2157.49    1045.83   -3423.38   -4165.89     3071.9   -226.417   -2454.32     5161.1    1987.79   -66.2224   -1560.75   -2356.98   -2084.41   -3049.22    1272.86    748.482    832.643    1561.46       2901    2522.43    3024.14   -1828.11    1768.67    778.786   -2051.54    416.764    508.655   -1342.02     3818.2    -451.91   -2066.87   -900.532    453.184    1406.16   -85.4597
 -0.778998    -1.3662    3.89013    24.8234     6.4224    4.14434    2.71595   0.751087     6.8271    17.9194    14.4264    8.07109    12.2942    14.6023  -0.644517   0.171788    3.83161    5.81099   0.523595  0.0336177    189.126    329.527    87.1705   -81.3206   -136.438   -177.499   -120.587   -394.786   -341.987   -419.561    401.851    212.539   -301.537   -231.466   -173.716    -117.99   -122.672   -481.735   -467.124    -192.63   -508.655   -651.646       -541     23.083    79.6401    17.7133    60.8681    14.6422    -237.47   -193.215   -98.9348   -47.9026   -70.2942   -116.682   -176.905   -77.7865   -33.5292   -28.3786   -187.251   -88.3393   -36.8392    33.8584    57.8171  -0.188133   -5.95982   -93.5344   -97.2198   -132.176   -148.863   -163.381   -253.619   -340.378   -371.041    73.6708    2.18428     76.319     48.846    54.9233   -16.1024   -399.969   -215.869   -249.446   -455.905     -532.4   -530.057    427.352    102.032    231.827    53.4673   -53.0212   -17.5104    41.6151    71.2185   -228.568   -45.7516     10.382    100.857    120.651   -314.504    290.946   -74.3851   -86.6402   -75.0811   -23.1358    40.7357    92.2554   -147.225   -38.9463   -5.36579     36.818    -20.729    85.0792   -143.514    84.4834    336.885   -86.2324   -217.353    215.192    231.258   -116.239   -189.092   -124.862   -87.1144    243.969   -173.101   -113.813    196.424    132.227    36.8591   -374.967   -430.197    234.503   -63.1759   -259.322    390.802    112.991   -63.4475   -186.833   -274.857   -240.815   -321.302    48.4405    16.5134    13.3585    94.2654     211.07    173.577    201.701    -218.72     89.531    4.13707    -233.77   -10.6378   -12.5702   -163.825    269.654    -128.55   -244.456   -141.001   -25.3154    60.7061   -78.5223
 -0.867967   -1.37378    4.47105    28.0774    4.14434    7.05226    2.55238    1.39088    7.23705    19.7116    16.1009    8.69986    13.9189    16.8307  -0.882619  -0.202475    3.98785    6.20939   0.642961  -0.215956    239.133    363.899    123.246    -77.917    -151.23   -195.313   -149.558   -468.191    -375.22   -488.129    469.988    253.037   -322.802   -233.325   -155.481    -139.04   -102.054   -532.871   -512.275   -214.019   -558.966   -707.063   -583.864    44.8885    102.913    55.7447    78.9848    42.5137    -246.52   -201.247   -117.833   -52.0819   -80.1032   -113.539   -172.772   -52.4359   -27.0301   -19.5189   -190.945    -91.787   -9.78119    55.8991    64.9678   -8.49326   -19.7324   -99.5703   -111.647   -130.628   -164.089   -182.259   -285.329   -390.453   -411.845    99.4021    44.1436    90.2159     58.655    67.6424   -8.22722   -459.646   -249.193   -279.461   -518.931   -585.696   -580.977    493.869    119.562    257.949    70.9896   -54.7177    2.43186     44.473    101.854   -227.466   -25.4881     2.1694    114.152     160.51   -342.974    316.244   -79.7569   -90.2182   -68.9356   -33.3927    66.0382    129.166   -158.749   -34.9677   0.753407    48.8792    -12.088    107.445    -156.84    100.245    395.511   -101.729   -228.651     249.86    266.322   -124.688    -203.01   -126.762   -91.0608     280.25   -184.347   -119.099    214.153    165.214    45.0171   -396.601    -476.79    264.281   -58.9984   -303.688    475.824    140.091   -83.6507   -215.889   -293.408   -270.854   -360.857    79.2963     18.028    22.2176    112.254    240.765    202.323    241.589   -236.805    119.632    22.5237   -268.389   -10.8911   -9.80136   -170.674    319.771   -128.573   -276.541   -151.839   -26.7377    73.1624   -90.5131
-0.0932101  0.0543023    2.64437    15.6671    2.71595    2.55238    5.08707   0.825589    4.16297    11.3101    9.37284    5.24875    8.36854    9.27188   -0.27686   0.543886    2.40911    3.69845  -0.150322     0.1816     113.79     211.24     48.285   -61.9368   -90.7675   -117.468   -88.4549   -251.399   -222.225    -255.89    253.254    132.949   -210.768   -129.338   -95.2661   -81.3106   -85.1261   -301.773   -301.599    -144.41   -319.071   -426.078   -341.104   -7.87175    45.8343    15.3117    18.8193    -5.8702   -134.959   -144.757   -72.7202   -18.0324   -51.3982   -63.9377   -116.978   -34.8843   -43.6768   -20.9553   -131.048   -66.8385   -23.0294    15.0143    20.4907   -5.04803   -15.1797   -76.8773   -53.5735   -80.0084   -81.2654   -126.711   -166.327   -218.318   -244.313    29.6193    13.8113    41.5867    36.9271    33.2607   -10.2914   -267.755   -149.752   -170.456   -303.178   -327.701   -353.598    266.544    62.5073     137.81     30.528   -30.6712    1.12507    33.4078    37.4782   -149.657   -9.85522   -9.00786    39.3756    67.6325   -215.722    178.744   -38.9666   -64.7858   -43.0898   -28.1516    14.7019    67.9885   -106.779   -39.6617   -16.6889     12.982   -16.9831    51.6851   -96.4815    40.2992    216.461   -61.0629   -141.502    137.009    142.432   -85.5463   -127.691   -93.4979   -62.2287    147.788   -122.212   -81.9215    96.0846    76.5121    10.8232   -234.399   -277.164    132.656   -51.4576   -169.984    242.145    67.7845   -36.1172   -113.455    -185.66   -155.863   -213.891     36.744    12.5537    5.88415    37.4638     116.36    97.3715    126.787   -136.423    43.7844   -3.99173   -157.768   -9.73761   -12.0262   -99.6105    171.965    -76.956   -142.506   -107.707   -21.1762    27.5491   -60.5912
   1.07366    1.35882   0.693164   -1.21467   0.751087    1.39088   0.825589    4.30427   0.594575  -0.517816 -0.0799785   0.463635   0.285756  -0.245226    1.22447   0.242195   0.297321    0.56138   0.691692   0.988421   -87.7745   -75.4076   -57.0131   -53.4088   -21.4106   -33.7252   -57.3072    9.36812   -25.6906   -18.6957   -78.4857    -81.984   -41.0991   -32.7775    -32.405   -30.3478   -43.3373     7.4152   -1.53349   -19.9495    5.36242    6.74581   -15.6616   -82.9956   -50.6832   -57.6041   -58.5081     -44.99   -33.2423   -28.0081    -33.741    -37.355   -34.3508   -23.5503   -45.7986    -36.753     -54.56   -69.6021   -56.0649   -56.8452   -55.0915    -53.298   -72.0491     -63.95   -54.2924   -32.8929   -38.0394   -44.9526   -53.1227   -41.5181   -24.8714   -18.2892   -30.2436   -91.9252   -78.4459    -77.778   -54.3235   -57.1905   -54.9975    16.1187   -14.5156   -5.73953   -9.56292    23.7308   -1.93266   -87.8001    -63.579   -75.9969   -60.7761   -46.5233   -45.4731   -44.5899   -49.7358   -18.0475   -67.5838   -45.7537   -54.3955   -74.0434   -25.5856    -86.545   -24.6479   -46.0778   -46.0025   -51.9197    -49.442   -68.4473   -34.1696   -35.2119   -48.7625   -49.0369   -61.4446   -62.3643   -27.1303   -44.1975   -79.6757   -48.2201   -38.7391   -56.1053   -80.9993   -36.8196   -23.0568   -47.9883   -59.9447   -63.9179   -53.9505   -40.5117   -60.5051   -48.1738   -42.7595   -25.0103    -19.807   -72.0453   -36.7146   -28.1049   -82.4069    -62.544   -44.6061   -28.3011   -30.4678   -32.7718   -21.7942   -59.9059   -56.9804   -44.3769   -56.0433   -54.9856   -48.4568    -73.576   -18.0228   -53.0373   -53.8387   -29.8328   -52.1346   -41.1388   -22.7753   -91.6358   -65.8909    -33.156   -41.8821   -51.0525   -55.7213   -44.4756
  -3.17453     -4.448    7.69551    58.8748     6.8271    7.23705    4.16297   0.594575    16.9849    40.9394    33.1734    17.5873    27.6545    32.7136   -4.16543   -1.53512    7.41915    12.0099   -1.22159   -1.89492    650.827    887.561    343.475   -44.1754    -269.39   -335.296   -211.019   -942.242   -756.004   -955.191    1082.12    623.697   -591.807   -365.627   -292.823   -188.255   -160.231   -1053.55   -1020.37    -367.32   -1128.42   -1469.71   -1135.39    199.085    299.583    192.195    252.051    156.974    -447.68   -382.213   -169.286   -17.6029   -79.4891   -199.508   -265.377     -50.34      35.13    66.6967   -305.178    -70.728    66.7381     181.62    221.849     114.58    66.2903   -120.348   -145.994   -193.465   -262.475   -346.765   -520.578    -747.89    -798.03    346.117    189.314    287.628    198.521    230.459    64.5441   -931.555   -478.382   -530.358      -1035   -1225.69   -1171.01    1174.43    348.301    626.352    214.486    -17.745    46.6779    160.533     267.71   -469.628     76.146    136.915    340.512    445.344   -697.664     836.92    -76.535    -97.366   -77.6878    37.6177    200.775    352.989   -268.911    6.94145    81.2717    184.382    74.5018    346.451   -284.621    293.791    940.615   -111.653   -414.812    631.012     689.12   -174.614   -372.955   -210.668   -101.481    711.626   -320.242   -185.352    570.246    428.687    193.587   -783.887   -942.744    645.523   -75.2595   -565.038    1073.41     394.73   -63.8107   -365.865   -554.304    -492.04    -696.62    220.283    121.187    150.231    305.546    587.178    512.163    600.442   -445.035    339.157    125.328   -488.733    51.3172    81.6182   -316.766    783.354   -160.951   -499.786   -226.404    53.2788    267.475   -67.5427
  -12.8304   -16.4472    23.8831    188.527    17.9194    19.7116    11.3101  -0.517816    40.9394    140.271    104.701    52.5105    87.3511    102.697   -15.7893   -4.20255    22.6161    37.2048   -7.42216   -8.17413    2264.18    3105.59    1230.89   -137.515   -762.882   -1066.51   -611.486   -2929.61   -2340.19    -3008.4    3584.51    2209.58   -1798.51   -1071.94   -762.781   -500.533    -394.84   -3347.67   -3194.26   -1096.65   -3520.03   -4638.85   -3551.71    847.443    1140.31    711.743    931.463    605.148   -1401.42   -1128.66   -448.795    54.2283   -215.631   -522.103   -730.361   -48.6481     268.91     444.01    -849.92   -89.4937    335.692    772.633    840.189    508.345    263.334   -323.691   -421.895   -521.745    -695.06   -966.091   -1581.22   -2323.48   -2471.76    1203.11    732.696    1111.44    765.827    871.125    319.601   -2903.01   -1466.07   -1587.88    -3334.4   -3857.81   -3668.08    3903.66    1263.87    2189.38    794.454    139.147    261.024      674.2     949.13    -1410.2    397.969    558.794    1255.36    1530.88   -2149.54    2748.77   -141.372   -161.411   -134.129    286.796     806.74    1291.64   -714.659    88.5061    352.476    690.978    368.544    1251.59   -832.898     1019.6    3178.57   -265.206   -1215.61    2151.04    2313.45   -460.549   -1084.82   -579.055   -270.178    2390.21   -889.857   -491.431    1927.64    1448.25    698.248   -2430.74   -2927.55    2107.11   -180.531   -1714.87    3565.41    1344.53   -73.8368   -1106.09   -1663.64   -1450.43    -2132.3    886.685     491.46    557.448    1058.93    2000.49    1742.66     2093.9   -1279.31    1207.79    499.688   -1447.18    260.625    323.094    -964.02    2620.47   -342.381   -1469.86   -646.519    279.945     939.33    -82.131
  -9.65107   -12.7518    19.0719    149.024    14.4264    16.1009    9.37284 -0.0799785    33.1734    104.701    85.9632    41.8039    68.0347    81.2019   -12.2573   -3.22017    17.7741    29.3652   -4.77523   -6.38008    1772.56    2432.69    954.926   -84.9148   -612.053    -849.99   -497.178   -2313.42   -1832.82   -2394.58    2808.56    1718.44   -1442.55   -851.821   -609.687   -390.952   -322.995   -2646.92   -2522.56   -878.626    -2787.1   -3665.83   -2803.52    650.263    893.743    558.259    742.027    469.034    -1094.3   -911.296    -345.62    34.8368    -167.04   -432.521   -590.362   -31.1535    211.822    340.988   -672.374   -80.4048    261.197    602.408    649.619     390.47    212.136   -267.743   -310.447   -424.731   -556.493   -794.186   -1274.87   -1843.37   -1952.65    940.314    601.948    864.544    596.095    678.307    248.459   -2301.44   -1176.76    -1275.5   -2614.57   -3048.39   -2903.55    3073.77    991.629    1706.49    631.474    76.5589    197.755    486.069    729.133   -1109.85     294.46    409.763    993.991    1208.84   -1690.96    2167.58   -136.922   -139.975   -139.039    191.031    614.554        992   -575.784    65.8394    275.339    535.531    282.766    974.366   -651.238    819.423    2491.11   -216.845   -956.803    1689.18    1803.01   -376.554   -867.794    -466.23   -225.718    1883.63   -710.173   -394.999    1520.48    1154.72    549.616   -1906.11   -2306.64    1651.67   -154.842   -1366.56    2803.72    1073.69   -69.6927   -866.162   -1325.45   -1148.92   -1679.56    673.576    383.468    430.561    830.948    1567.46     1360.7    1643.57   -1024.85    941.773    387.554   -1148.29    203.041    244.489   -771.509    2055.73   -294.724   -1165.47   -521.713    210.294    744.439   -60.0646
  -4.30724   -5.67252    9.74864    74.6751    8.07109    8.69986    5.24875   0.463635    17.5873    52.5105    41.8039    24.2695    34.8429     41.416   -5.42819  -0.621744     9.5719    14.6695   -1.73394   -2.61526    849.805    1171.91    453.644   -61.2021   -311.105    -449.57   -270.925   -1182.83   -942.527   -1220.19    1379.91    822.172   -745.653   -452.292   -332.416   -241.233   -192.132   -1340.72   -1270.78   -479.648   -1429.76   -1871.33   -1457.51    278.877    395.448    245.705    332.992     214.78   -562.663   -482.711   -215.048   -27.5404   -94.1165   -250.268    -327.16   -50.9325    72.3997    127.478   -385.578   -71.6048    97.1156     258.36    301.045    176.136    94.4538   -165.894   -182.028   -249.787   -301.796   -435.456   -646.226   -944.539   -992.115    436.114    249.364    382.433    269.351     305.82    88.4578   -1170.42   -611.373    -649.45   -1319.61   -1549.24   -1474.95    1488.42    477.794    824.555    290.877    12.9785    70.0685    217.736    338.467   -581.725    117.229    185.124    456.518    568.299   -862.398    1048.15   -79.3467    -110.37   -69.2534    54.5204    282.322    462.831   -333.625    10.4614    102.509    238.283     107.13    450.858   -368.927     381.63    1203.07   -142.713   -516.487    802.531    859.405   -214.475   -449.092   -261.048   -131.706     908.54   -388.777   -216.073    727.435     564.38    243.633   -976.737   -1179.04    803.082   -87.8976   -710.206    1368.34    504.377    -49.814   -449.242   -692.819   -605.929   -866.866    301.961    161.674    196.718    382.897    747.273    661.876    791.453   -532.837    445.944    162.778   -603.414    76.3439    94.8035   -401.879    1000.84   -186.144   -623.101   -278.422    87.1396    344.964   -72.7549
  -7.54598   -10.4972    15.9106    123.749    12.2942    13.9189    8.36854   0.285756    27.6545    87.3511    68.0347    34.8429    59.7249    67.7192   -9.80579   -3.65863    16.2504    24.2546   -4.25986   -4.99849    1441.62    1967.26     757.16   -95.3366    -514.32   -715.137   -424.157    -1935.5   -1546.29   -1992.48    2304.63    1405.33   -1214.07   -740.498   -532.512   -356.913   -288.282   -2195.55   -2101.38   -739.352   -2329.72   -3036.84    -2362.9      523.8    703.092    444.637    584.572    391.454    -925.77   -770.579   -306.123   -6.60106   -153.196   -372.867    -508.48   -50.8668    131.389     253.44   -583.379   -92.7543    185.673    487.162    514.863    294.148    172.717   -247.133   -281.509   -368.821   -489.811   -669.005   -1075.48   -1548.93   -1651.94    752.709    465.782    676.255    477.154    550.607    186.281   -1921.99   -997.773   -1057.09   -2169.32   -2536.27   -2414.59     2497.7    812.251    1392.94    494.305    39.5705    179.551    402.342    590.473   -937.993    209.409    324.529     775.02    961.242   -1430.09    1766.37   -128.971   -158.817   -119.385    143.583    485.573    804.444   -504.878    39.5634    202.568    419.105    203.662    777.863       -557    639.759    2034.41     -189.4   -818.188    1363.03    1453.09   -335.525   -731.415   -404.913   -190.758    1537.62   -606.053   -329.814    1218.15    938.002    425.748   -1609.16   -1934.48    1353.89   -146.385   -1148.22    2300.79    853.897   -77.6098   -738.249   -1119.07   -981.169   -1426.85    538.022    305.677    347.177    666.474    1276.72    1098.42     1333.1   -859.257    764.592    301.308   -988.962    151.626     189.93   -654.366    1681.61   -257.467   -982.781   -460.104    159.686    588.411   -91.8444
  -8.96899   -12.8016    18.6231    146.846    14.6023    16.8307    9.27188  -0.245226    32.7136    102.697    81.2019     41.416    67.7192    85.2464   -11.6299   -3.23483     18.211    28.7489   -4.58874    -5.8886    1715.43    2368.76    894.179   -110.536   -626.874   -860.102   -502.038   -2291.22   -1836.93   -2369.93    2758.47    1654.08   -1425.81   -885.734   -609.624   -436.847   -337.326   -2632.78   -2511.61   -872.925   -2757.88   -3634.48   -2793.94    604.484    866.438    517.239    713.855    451.576   -1100.76   -925.113   -378.042    5.70572   -167.231   -431.227   -597.002   -68.1233    178.811    325.883   -706.099   -113.641    237.785    558.754     630.73    336.062    179.034   -279.908   -348.398   -440.922   -555.038   -787.028   -1277.68   -1808.27   -1956.27    894.201     568.41    846.128     551.59    660.485    206.555   -2307.84   -1172.25   -1252.11   -2588.38   -3020.62   -2878.61    2986.13    951.672    1643.24    603.828    54.3094    167.803    455.305     721.75   -1111.85    257.585    381.582    924.121    1154.96    -1675.3    2093.42   -156.715   -143.209   -152.477    159.111    546.528    948.316   -609.294    37.3922    244.396    511.255    261.178    916.648   -661.725    763.552    2439.13    -249.92   -966.257    1625.63    1749.31   -378.735   -849.218    -468.66   -239.377    1826.23    -714.81   -404.173    1457.28     1110.2    508.297   -1895.12   -2297.18    1618.82   -155.076   -1369.73    2733.44    1016.58   -84.6897   -893.648   -1332.61   -1169.67   -1675.67    662.708    338.557    405.125      817.3    1524.04    1308.56    1591.41   -1022.73    898.958    368.206   -1142.65    179.007    213.235   -761.181    2011.59   -307.312   -1174.26   -539.453     178.25    725.324   -101.417
    2.6289    3.32893   -1.91567   -23.7354  -0.644517  -0.882619   -0.27686    1.22447   -4.16543   -15.7893   -12.2573   -5.42819   -9.80579   -11.6299    3.81087    1.79242   -2.28952   -4.13032    1.99229    2.19702   -380.308   -459.632   -210.995   -47.8889    49.5173     94.367    30.0723    349.563    254.838    340.701   -514.983   -353.252    158.129    62.9328    35.5952   -1.19247  -0.706667    377.892     351.36    90.2981    400.836     538.82    384.855   -201.666   -226.937    -160.72   -195.552   -142.788    124.493    95.9779    4.83871   -65.2228   -22.8063    19.4846    23.8114   -50.6836   -100.825   -139.793    29.3611   -67.3961    -116.29   -166.397   -172.324   -126.128   -93.3691   -18.6578    1.40578    5.73885    18.9762    75.1526    148.029    247.626    258.001   -240.143   -171.685   -208.589    -155.19   -175.598   -95.8937    334.714    154.126    165.085    391.685    454.882    422.722   -573.192   -230.076   -333.308   -154.442   -82.0843   -87.4973   -132.239   -166.231    143.746   -135.508    -132.75   -228.277   -267.606    232.948   -435.999   -36.6889   -43.4982   -31.7876   -90.2836   -152.266   -224.762     33.594     -69.14   -105.511   -148.838   -117.497   -233.222    58.7504   -182.398   -480.315   -25.6222    88.0555   -332.778   -364.559   -1.59209    91.2082    25.0838     -31.53    -367.19    56.3046    5.84996    -307.13   -243.499   -143.187    245.329    319.074   -314.988    -24.068     175.65   -513.104   -236.559    -58.248    92.2991    151.427    132.338    225.408   -170.144    -116.54   -128.258    -187.26   -307.155   -274.412   -327.247    114.222   -216.513   -129.903    137.649   -92.0043    -102.79    75.8764   -404.959   -27.8593    129.414    22.8926   -109.269   -191.708   -69.4072
  0.766956    1.20606  -0.293858   -7.91313   0.171788  -0.202475   0.543886   0.242195   -1.53512   -4.20255   -3.22017  -0.621744   -3.65863   -3.23483    1.79242    15.1074   0.189072  -0.241671    1.32942   0.887519   -141.913   -136.189   -40.4089   -49.8829     16.133    18.5272    1.39017    105.995      83.15    96.1208   -211.342   -145.074   -2.42243    26.8339    28.8998   -38.6099   -29.0683     112.48    134.346    32.6706    152.495    153.414    114.765   -85.9644   -124.531   -20.4983   -97.7688   -46.9691    41.0235    2.95878    13.5374   -45.2672   -4.46666   -11.8402   -18.0151   -75.2085   -48.5667   -39.5856   -46.4171   -36.4763   -32.8604   -42.8385   -72.5825   -50.2775   -22.6445   -10.0928   -1.98021   -13.1633     2.2148    18.3039    47.1124    84.0367    112.623   -108.229    -85.638   -83.6064   -65.9113   -83.2307   -29.1345     107.52    55.3376    64.2836    126.553    114.198    111.252   -192.087   -82.3569   -114.263   -16.2881   -40.4729   -41.1829   -42.1537   -87.4028     45.972   -63.3616    -47.642   -74.5682   -108.471    100.968   -196.596    3.67604   -9.33018   -27.7668   -67.0975   -45.8345   -87.6991     1.2685   -52.9137   -55.7741   -55.2139   -51.7093   -88.0319  -0.755094   -63.2859   -156.111   -22.8853    39.9938   -134.112   -127.603   -3.12664    17.7977   -15.7095   -25.4769   -119.064   0.593542   -25.2243   -119.367   -93.0966   -36.5368     66.277    97.3557   -116.921    3.82387    45.8219   -190.054   -100.214   -49.8015    18.4741    28.5475    34.0732    59.7178   -53.6803   -62.2395   -55.7628   -71.4338   -105.522   -111.852   -112.409    30.9484   -83.2043   -57.5347    54.0217   -53.8097   -30.9909    22.2848   -160.878   -40.2454     19.107   -4.34797   -56.1368   -65.2769   -43.3207
  -2.26932   -2.70489    3.79797    32.3881    3.83161    3.98785    2.40911   0.297321    7.41915    22.6161    17.7741     9.5719    16.2504     18.211   -2.28952   0.189072    16.7761    6.44593  -0.908167  -0.900589     362.08    520.765    170.911   -15.7375   -118.543   -204.968   -142.984   -498.275   -399.913   -557.052    623.545    376.052   -309.702     -198.3    -180.83   -102.972   -98.8335   -592.161   -550.962   -185.816   -647.549   -832.412   -625.753    123.078    175.622    119.432    174.771    98.5496     -219.8   -229.944   -83.7933   -15.3529   -30.3001   -102.119   -144.723   -23.0195   -4.49712    86.2966   -183.813   -22.7444      12.52    144.799    155.055    78.9986    44.0107    -67.001   -79.7924   -105.895   -146.376   -207.409   -329.808   -406.177   -428.835    176.938    136.136    164.891    96.5055    124.065     25.827   -506.147   -262.466   -279.686   -558.396   -643.489   -665.002    666.369    205.205    381.943    111.058    22.9417    52.0242    93.0751    152.753    -245.68    56.5011    74.5617    175.288     264.54    -406.09     438.99   -50.1008   -50.4628   -55.2671   -14.2626    121.402    209.537    -144.86    16.1116    43.6406    107.676    38.3753    193.128   -159.573    168.654     529.51   -46.8592   -215.975    354.255    389.583   -76.2552   -179.946   -97.8416   -89.3797    395.605   -177.128   -98.5576    298.364    220.111    86.2705   -423.341   -506.868    349.239   -38.6324   -297.118    615.371     209.59   -34.9785   -207.903   -308.557   -263.658   -416.367    131.976    64.9506    85.5475    190.745    336.021    286.621    359.863   -242.597    214.604    96.3659   -262.787    48.7565    21.7332   -172.045    436.045   -80.4695   -275.823   -131.575    32.6664    165.503   -37.4056
   -3.2122   -4.03959    6.81159    52.1574    5.81099    6.20939    3.69845    0.56138    12.0099    37.2048    29.3652    14.6695    24.2546    28.7489   -4.13032  -0.241671    6.44593    18.6189   -1.73884   -1.74499     604.79    839.316    302.127   -56.8001   -201.264   -316.204   -184.842   -831.767   -652.729   -814.562    969.802    587.809   -522.712   -317.791    -227.37    -155.78   -114.857   -945.506   -885.678   -319.282   -1008.93   -1302.46   -1019.16    207.585     314.89    183.411     251.83     146.67   -400.036   -312.636   -139.582    26.2363   -77.1888   -156.113   -218.532   -27.0688    67.8616    100.649    -267.92    -50.906     95.835    215.111     247.03    124.679    82.6376   -101.232    -117.04    -144.16   -198.234   -284.925   -462.018   -672.208   -659.936    291.554     183.84     284.37    204.569    251.184    63.1409   -818.238   -408.703   -441.361   -930.467   -1077.65   -1047.44    1066.58    365.114    579.831    196.591    3.72837    70.9499    159.182    253.978   -407.943    66.6354    140.622    298.467    419.283   -626.981    739.026   -45.2397   -62.8773   -59.1396    44.6782    210.219    362.121   -226.756    18.1511    77.4365    178.558    84.6333    335.168   -232.359    273.213    867.759     -68.31   -347.371    567.769    619.058    -167.21   -323.165   -178.637   -91.3165    644.839   -256.242   -169.044    507.625    390.643      174.1   -679.518   -819.333    560.408   -75.2841   -500.743    968.078    359.975   -33.8005   -320.986   -459.456   -426.067   -599.287    225.247    139.465    131.395    262.678    532.887    470.923    546.043   -363.728    305.958    110.372   -430.145    66.5375    68.0451    -265.78    723.341   -136.526   -416.988   -195.695    64.1261    232.536   -37.3453
   1.38291     1.3551  -0.415728   -10.2941   0.523595   0.642961  -0.150322   0.691692   -1.22159   -7.42216   -4.77523   -1.73394   -4.25986   -4.58874    1.99229    1.32942  -0.908167   -1.73884    8.25806    1.19082   -211.859     -247.6   -123.901   -25.6169    10.3092    47.3074   -21.8545    121.334    65.4654    131.783   -246.248   -164.531     42.458   -1.51028     4.4267   -4.67755   -10.9599    153.619     140.22     19.966    141.514    202.684    140.262   -105.956   -123.218    -81.083   -103.673   -64.5771    52.0436    26.5947   -17.3581   -20.3553   -21.8707   -30.2676    -8.3059   -39.8337   -74.1183   -99.5541    10.3666   -20.3541   -57.5493   -79.4791   -91.9909   -64.9625   -50.1219   -31.0943   -16.5367   -12.2319   -18.8095    6.01492    70.7138     82.902    75.6437   -122.889   -119.917   -125.845   -71.2547   -106.608    -71.457     124.84    52.6856    61.0673    162.694     182.85     173.12   -257.196    -139.15    -164.45   -82.1691   -34.2943   -50.6553   -45.9847   -68.4821    59.6109   -90.3657   -98.8651   -132.875   -119.069    91.3895   -204.069   -38.7897   -37.4719   -21.9207   -52.3943   -93.1624   -102.548    6.96121    -40.948   -62.4138   -75.0102   -67.8214   -118.115    1.64771    -100.35   -223.236   -25.9198     28.209   -166.544   -178.441   -17.0448    14.9714    -13.339   -25.6187   -189.291   -4.66625   -16.6641   -148.695   -116.137   -69.4304     90.248    98.3385   -168.756   -33.4553    57.2979   -245.077   -112.689    -61.109    29.1035    56.9988    36.7883    67.2439   -105.843   -58.5926   -52.3457   -86.6233   -152.586   -114.891   -172.332    41.8784   -105.779   -67.1805    42.9078    -62.935   -46.7678    45.3991   -197.348   -29.9235    41.7208   -2.66385   -44.5168   -82.6945   -34.6678
   1.79708    2.20753  -0.738797   -12.8218  0.0336177  -0.215956     0.1816   0.988421   -1.89492   -8.17413   -6.38008   -2.61526   -4.99849    -5.8886    2.19702   0.887519  -0.900589   -1.74499    1.19082    1.87096   -222.348   -259.901   -133.141   -42.5683    16.4189    40.5371    1.05176    173.612    119.694    176.854   -287.256   -208.459    74.0529    18.3146    2.37451   -16.7428   -10.4279    193.467    178.431    34.1355    205.713    280.432    188.347   -124.112   -134.979   -110.197   -120.416   -90.7023    52.5717     40.078   -8.66082   -44.6563   -24.7008   -5.56537   -5.22822   -35.5724   -71.3977   -82.3711   -5.55762   -48.8366   -84.5387   -108.245   -97.2759    -83.514   -65.5741   -26.5508   -9.45791   -7.16044   -12.0143     26.268    67.2567    118.949    127.575   -142.081   -116.487   -125.203   -95.5911   -116.261   -70.4676    170.975    69.9603    70.7345    193.321     230.85    213.815   -319.021   -140.577   -190.331   -99.7929   -54.1627   -55.5023   -90.8667   -103.464    69.4249   -87.0478   -87.5004   -133.392   -156.459    111.284   -250.617   -22.3547   -33.7914   -27.4798   -61.8163   -91.6831   -127.112    4.67076   -50.3458   -71.4466    -94.053   -79.2338   -138.838    14.3886   -110.412   -272.763   -22.7713    29.6495   -188.516   -205.794   -14.2061    36.3829    3.53576   -37.5658    -215.66    12.1149   -13.6329    -187.82   -144.918   -92.7204    116.325    157.014    -189.73   -27.1651    82.6521   -292.176   -148.541   -47.7701    40.9917    64.2598    60.2085    111.813   -101.826   -74.7511   -79.3647   -112.492   -175.802   -157.365   -188.397    49.0773   -129.369   -86.0541    64.2976   -59.2012   -73.4105    31.3924   -231.547   -34.7294    50.7852    -0.7627   -75.6077   -119.123   -52.4953
  -277.799   -352.656    360.982    3286.03    189.126    239.133     113.79   -87.7745    650.827    2264.18    1772.56    849.805    1441.62    1715.43   -380.308   -141.913     362.08     604.79   -211.859   -222.348    50785.6    59915.6    25282.3    2646.29   -9842.92   -15556.1   -7819.94   -49580.6   -37212.1   -51165.6    66094.9      43220   -26526.6   -13960.4   -8581.44   -4233.42   -3346.77   -55043.2   -51989.5     -15285   -58531.7     -77225   -57271.5    21470.6    25232.7      17688    21791.3    15078.1   -20594.2   -16380.9   -4410.25    4669.83   -8.03819   -5998.32   -8084.25     3587.6    9837.98    13974.9   -9323.17    4010.76    10837.8    17907.1    18554.2    13427.3    8276.31   -1447.05   -3737.47      -5397    -6679.9   -14071.1   -24274.8   -37468.3   -39855.3    27103.9    18879.1      24748      16939    19813.1    9619.39     -48512   -23897.6   -24810.8   -55869.3   -65304.1   -60984.1    73664.1    27810.5    42607.2      17938    6776.17    8465.92    15373.4    19748.2   -21394.8    13407.3      14635    27214.2      32608   -34374.3    55058.1    1504.99    1556.58    765.625       8762    17936.8    26350.2   -8472.84    5534.43    10388.6    16275.6    11322.7    26987.9   -11697.3    22008.7    60495.5   -1102.38   -15924.8    41787.1    45115.6   -4046.34   -15945.4   -7013.39   -240.614    46816.3   -11813.9   -4261.66    38310.3    30010.9    16456.2   -37872.2   -47136.8    40491.5   -170.652   -27169.2    67271.8    28336.9    3706.27   -15691.9   -25500.7   -21894.4   -33699.7    19312.5    12811.5    13739.5    22256.6    38645.7    33801.3    41003.3   -18996.7    26010.2    13659.9   -22004.8    8177.29    9916.07     -14232      50542   -712.409   -21174.2   -7013.18    10023.4    21626.8    3549.22
    -351.4   -467.052     497.53       4470    329.527    363.899     211.24   -75.4076    887.561    3105.59    2432.69    1171.91    1967.26    2368.76   -459.632   -136.189    520.765    839.316     -247.6   -259.901    59915.6    82051.4    32394.8    1461.76     -14359   -22827.4   -12115.7   -68122.6   -52095.6   -68603.4    88046.4    57088.2   -38702.5   -21408.1   -13859.3    -8058.3   -6490.68   -76475.4   -72184.9   -23410.9   -80422.5    -106899   -79935.9    25548.9    31838.7      20897    26963.9    18322.4   -29562.4   -24379.2   -7298.43    4201.79   -1745.98   -9618.93   -13336.3    2357.19    10664.8    15157.4   -16100.7    2253.69      13126    22022.3    23554.5    16114.9    9773.68   -4418.97   -7020.18   -9101.75   -12007.8   -19673.7   -34557.4   -52125.9     -54963    33686.8    22808.4      30921    21737.5    24659.1    11081.7   -66754.9   -32815.3   -35085.1   -76982.6   -89182.5   -83844.8    97506.6    34543.2    55479.5    22613.9    6589.46    9538.64    18020.6    25437.9   -30429.2    14642.3    17590.6    34267.3    40420.8   -47503.1    70198.1    75.2596    654.271   -795.857    9761.54    22086.7      33786   -13835.1    5237.92    12006.3    19964.7    13094.9    33526.1   -16800.2    27537.8    79883.3   -3062.16   -24250.8    54560.2    59075.4   -7069.19   -22602.8   -10468.7   -2956.82    60861.1   -17400.3   -8459.45    50060.1    38142.2    20068.8   -53611.4   -65567.9    53337.8   -1189.25   -37916.9    88214.3    35587.9    2488.25   -23426.1   -36082.1   -31904.4   -47876.4    24148.4    14930.3      16768    27976.5    50285.4    43839.1    53365.7   -27319.7    32455.8      16143   -30807.5    9461.69    11167.3   -20389.7    66304.6   -3885.07   -31100.9   -11753.5    10948.5    26307.4    2476.41
