   162   162     1
   11.2167    6.37979    9.84196    20.0703    7.29021    7.27762    6.86709    5.77158    8.06757    13.7188    11.2371    8.43384    10.9908    11.5315    5.16261    8.52412    7.52785    7.36925     9.4031    8.27683   -73.3508    8.15437   -91.2665   -160.421   -190.441   -224.265   -178.626   -474.671   -445.248   -497.705   -75.9829   -113.632    -383.69   -259.702    -239.64   -222.653   -280.371   -431.445   -468.076   -347.342   -544.678   -662.449   -619.268   -189.038   -122.008   -124.685   -86.9901   -130.791   -252.745    -249.57   -235.787   -182.246   -180.714   -227.326   -247.734   -238.299   -227.413   -214.825   -322.679   -191.296   -126.123    -83.263   -93.8833   -79.0285   -142.375   -152.123   -182.762   -188.981   -186.087   -240.868   -274.177   -347.666   -350.373   -149.434   -137.399   -87.7762   -108.141   -77.3217   -106.977   -301.167   -355.246   -390.952   -563.208   -592.432   -591.125   -85.7154   -177.511   -46.1646    -138.71    -143.78   -167.857   -100.681   -91.4584   -245.161   -216.935   -161.575   -95.8467   -45.8274   -312.183   -76.5309   -186.916   -154.634   -163.926   -122.181   -120.264   -90.5174   -212.971   -122.927   -103.528   -101.462   -166.383   -101.958   -338.541   -125.228    6.23103   -211.292   -357.976   -53.5336   -6.23197   -237.634   -267.405   -213.933   -139.927    10.5064   -210.329   -177.002   -134.277   -149.896   -223.723   -445.975   -493.099   -124.571   -243.581    -404.09   -62.6747   -49.1122   -142.662   -226.117   -281.275   -245.238   -377.304   -158.674   -134.416    -153.15   -135.047   -30.2428    -48.203   -26.2836   -238.725   -74.3172   -242.405   -346.551   -219.321   -104.238   -213.139    47.8205   -199.448   -259.775    -187.02   -155.626   -121.862    -201.63
   6.37979    10.8558    5.02965   -10.0153    3.43378    3.89786    5.81492    6.42535    4.14398   -1.40813  -0.519011    3.07191   -1.78914   -2.91732    7.19986    6.19459    4.75419    4.11446     5.3386    6.69962   -328.107   -449.999   -339.131   -278.925    -215.24   -198.471     -249.8   -122.417   -124.333   -56.9924   -507.208   -314.837   -53.3635   -115.163   -159.704   -209.518   -227.773   -5.06894     35.495   -114.614    72.5298     137.55    50.6386   -247.906    -298.34   -266.658   -310.659   -296.216   -141.949   -169.205   -253.293   -245.278   -224.146   -192.272   -181.777   -206.769   -235.216   -216.405   -151.903   -241.712   -269.187   -328.242   -355.143   -283.183   -336.933   -220.488   -227.412    -212.41   -182.507    -160.02    -89.433   -56.8916   -2.20903   -322.715   -309.514   -341.191   -347.063   -373.371   -305.792   -53.0506   -149.649   -137.642    31.0925    83.7883    86.9581   -452.526   -305.642   -387.995   -327.605   -247.728   -317.072   -310.295   -338.196   -203.274   -192.416   -247.916   -327.314   -375.476   -111.788    -390.26    -136.86   -187.966   -208.099   -228.482   -307.899   -342.078     -202.8   -284.217   -306.837   -318.825   -241.751   -316.548   -175.369   -318.829   -482.372   -229.701   -149.959   -366.898   -396.658   -177.999   -161.454    -202.06   -246.639    -425.69    -182.68   -224.335   -348.679   -341.269    -247.24    20.8869    47.2988   -415.145   -266.396   -125.026    -511.02   -368.433   -248.671   -47.2916   -101.128   -57.5037   -105.949   -328.716     -325.7   -344.658   -414.339   -438.605   -414.343   -435.065   -165.659   -368.556   -260.125   -101.311   -236.716   -310.356   -221.849   -475.729    -207.25   -152.463   -204.484   -256.368   -321.904   -221.265
   9.84196    5.02965    24.0582    69.7659    12.5134    11.8765    9.23268    5.08305     15.709    43.7445    34.0666    18.7012    32.6408    35.9283 -0.0782147    13.2542    12.7762    13.7937    15.5351    11.7042    494.105    864.564    363.683    -25.834   -185.339   -283.855   -161.366   -1236.86   -1119.38   -1371.98    663.673    289.551   -868.884    -483.22   -344.015   -269.555   -277.177   -1191.03   -1311.89   -716.485   -1553.13   -2027.54    -1731.6    29.6889    258.049    197.546    295.891    212.978    -381.92   -328.911   -185.403   -45.9682   -103.163   -253.252   -356.911    -178.12   -129.452   -119.795   -526.054   -103.611    97.2555    267.096    321.216    275.654    125.022   -4.83045   -90.3098   -154.434   -197.367   -336.978   -552.551   -848.309    -933.55    192.686    171.866    358.098    263.197    320.829    212.582   -789.231   -825.483   -898.806   -1602.99   -1820.69   -1718.34    648.841    142.342    555.364    192.431    60.8301    87.8115    237.043    312.389   -437.094   -140.423    58.2656    326.711    474.781   -678.902    576.231   -175.145   -119.425   -84.5993    82.4641    216.997    402.053   -232.186    130.038    208.923    270.818   -27.3374    315.137   -713.498    232.226    943.005   -80.3864   -628.527    597.927    750.876   -327.148   -415.818   -210.358   -7.19144    749.932   -267.345   -109.332    265.423    154.015   -112.095   -1202.48   -1397.46    337.295   -303.709   -981.551    615.151    465.866   -20.6541    -528.55   -596.924   -524.778   -900.282    103.915    60.1435    97.8327    268.891    597.836    538.698    679.321   -370.292    391.148   -224.151   -708.637   -82.9107    235.928   -203.796    902.713   -234.588   -453.996   -148.115    48.6732    263.209   -117.275
   20.0703   -10.0153    69.7659    341.829    39.5096    34.5191    16.7044   -3.43312    51.5478    190.333    146.447    67.9023    145.085    163.355   -29.5194    30.6255    35.3704    42.5619    44.4817    23.0035    3412.49    5532.27    2985.28    1124.46    179.172   -353.803    383.162   -4999.88   -4270.64   -5626.12    4712.65    2489.45    -3468.5   -1530.65   -753.733   -241.809    -203.43   -5020.73   -5629.35   -2564.08   -6904.22   -9224.68   -7627.89    1057.26    2342.18    2012.01    2598.03    2168.88   -1025.65   -658.709    248.311    855.901    428.954   -234.911   -758.796    90.0815    376.322    337.713   -1624.37    446.559     1548.4    2459.22    2740.04    2328.82    1924.89    980.142    679.805    339.501    26.2385   -826.916   -1941.75   -3327.39   -3915.37    1966.53    1967.17    2864.66    2524.34    2899.51    2155.22   -3042.05   -2798.24   -3286.22   -6925.05    -8074.8   -7766.69    4462.81    1839.32    3921.94    2174.77    1293.89    1643.18    2254.47    2750.45   -1046.21    194.093     1312.8    2826.09    3488.37   -2395.85    3983.34   -63.5242    255.268    490.158    1284.26     2187.9    3067.14   -159.206    1761.38    2161.95    2488.09    883.879    2646.37   -2261.22     2369.8    6058.62    650.751   -2136.08    4087.94    4874.06   -542.784   -1037.75   -14.4263    1012.25    4963.14   -306.374    511.297    2554.27    2103.44     634.24   -5284.79   -6162.75    3208.16    -140.56   -3601.31    4732.68    3483.56    907.138   -2069.87   -2200.86   -1922.89   -3465.99    1603.04    1485.87    1726.66     2701.4    4296.49    3980.88     4550.7   -961.183    3103.74    79.5812   -2596.07    592.359    2226.55    65.4307    5742.93   -225.526   -1360.36    129.623    1189.73    2400.42    253.038
   7.29021    3.43378    12.5134    39.5096    12.5328    9.28458    6.84779    4.12989    10.5172    27.3668    21.6486    13.5943    20.8163    21.8302    3.18743    9.47615    9.31813    9.90497    10.7954    7.94698    145.672     387.09    112.756   -78.7516    -122.47   -192.081   -106.936    -675.14   -611.274   -735.448    289.874    114.714    -570.62   -385.159   -296.408   -225.792   -269.866   -729.531   -790.312   -475.099   -938.014   -1199.42   -1086.77   -132.829    13.0776    -33.575    52.1008   -6.57915   -334.654   -287.411   -217.611   -143.473   -186.767   -256.878   -323.701   -235.263   -184.108   -198.189   -439.407   -202.759   -80.3707    7.09913    45.5199    29.4488   -30.4888   -125.048   -160.472   -215.864   -218.885   -301.973   -417.522   -568.426   -601.465   -53.4763   -41.8309    80.8718    36.4332    65.1099    12.7494   -528.208   -456.011   -530.629    -902.93   -1023.38   -1005.75     264.36   -19.6282    233.578    40.0706   -35.2981   -11.3828    93.5101     133.65   -266.806   -185.692     -38.62    116.726    192.235   -406.119     210.99   -164.385   -146.528   -110.966   -1.90837    64.7771    149.842   -165.435   -47.5329   -6.78219    31.9275   -134.615    54.4511   -413.399      80.98    394.357   -159.292   -468.713    194.773    287.924   -275.821   -347.377    -248.01   -118.959    270.957   -258.773   -183.333    85.8785    11.4283   -127.888   -762.347   -848.297    164.978   -181.099   -545.021    297.854    149.082   -113.957   -334.909   -448.659   -332.411    -544.24   -14.8608    9.71408    7.84896    116.094    291.456    251.979     316.53   -262.417    154.697   -235.563     -484.1    -151.47    12.9872   -228.464    380.734    -248.55   -349.271   -204.678   -98.0673    42.3127   -168.348
   7.27762    3.89786    11.8765    34.5191    9.28458    12.1392    6.71092    4.72527    9.51091    24.3915    19.3411    12.2829    18.8647    20.9081    4.33619    9.10138    9.18893    9.14405    10.5238     7.9409    124.567     297.03    86.0514   -96.0296   -135.719   -198.451    -141.39   -644.717   -558.494   -690.224    229.764    93.1759    -503.69   -363.882   -280.766   -280.037   -281.798   -705.295   -750.209   -489.297    -873.49   -1066.91   -970.027   -138.523   -26.2439   -50.2799  -0.893717    -45.515   -326.032   -294.214   -266.851    -182.97   -216.528   -259.009    -304.96   -214.812    -195.51   -203.635   -386.957   -209.872   -78.2435   -17.9328   -1.37804   -28.0063   -79.6012   -137.855   -180.079   -208.871   -222.621   -292.003   -390.411   -531.083   -545.552   -57.6121   -34.3047    35.8447   -10.3245    13.5659   -19.9544   -506.021   -453.375   -519.539   -832.463   -914.745   -897.464    204.944    -37.112    176.401    16.2582   -63.3115   -27.7585    48.5201    101.585   -233.559   -159.124   -77.4422    54.5031    149.664   -374.736    148.815   -168.332   -151.677   -112.459   -41.1964    36.4808    112.395    -167.65   -71.8687   -37.3327  -0.747732   -146.445   -13.9521   -408.083    15.5614    277.121     -216.1   -442.932    115.269    188.819   -272.305   -328.028   -231.375   -134.562    197.567   -245.666   -192.356   -6.81279    -57.497   -194.387   -677.936   -790.683    92.1641   -196.152   -529.309    240.832    95.3048   -148.161   -308.087   -403.241   -310.156   -500.742   -23.3835   -25.2618   -24.2311    62.8824     217.38    188.484    247.082   -254.313    111.684    -249.15   -488.036   -200.448   -26.6207   -224.347    290.625   -243.836   -356.122    -211.47   -120.245   -10.4574   -190.907
   6.86709    5.81492    9.23268    16.7044    6.84779    6.71092     11.068    5.69098    7.72532    13.6827    11.1046    8.43237    10.7784    11.0532    4.84743     7.9629    9.04453    7.84618    7.85066     7.7592   -82.2044   -1.72914   -134.675   -226.823    -207.46   -252.116   -225.182   -391.125   -386.531   -399.336   -26.1873   -45.2649    -344.11   -248.932   -242.475   -240.239    -287.95   -424.148   -447.381   -351.399   -490.735   -609.377   -564.088   -182.514   -112.531   -128.721    -114.49   -140.216   -205.864   -237.585   -233.906   -159.971   -182.823   -200.959   -240.363   -182.263   -202.597    -184.24   -294.448   -201.446   -142.065   -125.619   -109.015   -95.2256   -148.405   -168.546   -177.898   -197.721   -156.807   -226.288   -249.858   -317.426   -314.422   -139.548   -110.126   -83.7692   -94.0607   -95.6304   -101.209   -313.989   -360.595   -385.495   -496.186   -506.519   -518.846   -41.4808   -134.592   -50.2547   -140.218   -137.819   -146.583   -90.7842    -100.68   -249.976   -158.614   -177.173   -164.861   -110.284   -350.975   -44.6165   -156.019   -167.419   -147.505   -127.999   -118.441   -66.6223   -195.857   -149.024   -130.058    -110.14   -164.006   -112.804   -325.966   -187.067    13.0007   -186.786   -300.066   -40.3416   -8.24168   -221.862    -249.09   -212.307   -159.663    -25.162   -212.673   -195.755   -156.399   -193.817   -230.596   -392.021    -448.08   -132.398   -263.428   -364.418   -67.1367   -49.8576   -125.666   -185.833   -278.615   -204.003   -344.973   -130.434   -121.991   -135.018   -139.081   -54.2684   -59.9701   -32.4285   -220.285   -93.3326    -231.97   -313.114   -180.079   -106.691   -197.399    27.5465   -194.948   -221.441   -188.474   -142.374   -111.575   -172.659
   5.77158    6.42535    5.08305   -3.43312    4.12989    4.72527    5.69098     9.2213    5.03208    1.71099    2.04698    4.10298    1.55104 -0.0373738    6.24679    5.17645    5.73251    5.38314    5.23305    6.09871   -289.487   -346.552   -305.674   -280.927   -211.961   -232.041    -256.35   -99.2619   -138.758   -96.8569   -338.241   -230.249   -122.365   -128.139   -165.303   -170.317   -230.883   -65.6567   -61.4204   -146.785   -46.0561   -21.5338   -89.9968   -241.438   -230.554   -237.534   -245.452   -238.626   -151.321    -170.44   -231.851   -220.811   -203.475   -190.753   -186.373   -198.154   -214.684   -219.679   -202.914   -226.049    -228.94   -270.008   -285.959    -240.24    -268.69   -199.321   -232.098   -222.813   -183.996   -176.648   -131.111   -122.835   -88.3592    -280.62   -260.858   -284.272   -269.213   -281.334    -243.57   -100.841   -166.835   -146.313   -77.0128   -13.1851   -31.9468   -327.326   -272.362   -318.598     -294.6   -229.946   -272.148   -257.005   -279.609   -191.691   -197.833   -225.897    -293.21    -303.58   -173.877   -314.227    -160.09   -185.521   -201.954   -213.799   -256.462   -285.212   -189.536   -231.305   -249.097   -253.472   -225.241   -245.259   -175.247   -270.718   -344.454   -218.857   -169.054   -285.796    -305.57   -178.555   -176.872    -217.52   -230.459   -318.169   -199.841   -216.276   -261.941    -274.34   -222.742   -73.4852   -64.2254   -323.047   -234.118   -149.104   -354.628   -269.872   -198.514    -80.045   -135.416   -106.999   -148.135   -262.651   -249.269   -259.502   -312.276   -318.392     -304.4   -330.458   -167.532   -278.363   -232.549   -147.469   -223.253   -233.361    -204.14    -347.89   -209.539   -162.497   -186.796   -220.931   -251.546   -172.717
   8.06757    4.14398     15.709    51.5478    10.5172    9.51091    7.72532    5.03208    17.2403    31.3488    25.7243    15.2692     24.772    26.9234   0.676449    9.22691     11.002    12.4608    12.1134    9.12189    288.542    542.995    199.113   -56.3137   -191.183    -250.71   -156.625   -920.041   -813.386   -975.779    472.443    189.593   -646.321   -363.063   -299.511   -203.836   -231.007   -867.257   -962.891   -542.529   -1161.11   -1511.07   -1302.69   -58.6127    143.206    115.562    198.606    137.605   -273.022   -252.871   -159.458   -51.3991   -102.131   -210.828    -282.89   -162.571   -128.846   -147.847   -440.377   -119.299    49.2804    141.333    205.571    167.022    95.6786   -8.45544   -79.0773   -128.434    -160.23   -285.358   -420.781   -648.746   -709.726     108.23    89.4319    206.262    161.912    215.583    136.424   -597.872   -589.915   -667.908   -1155.82   -1332.25   -1291.95    447.187    31.0203    318.811     60.494   -54.1746   -27.1934    89.2812    166.194   -388.994   -142.026    2.93443    176.683    311.325   -533.095    384.686    -183.29   -168.329   -133.667   -30.8281    77.8072    200.124   -251.547    84.6466    136.962     181.93   -53.6081    209.641     -521.6    149.587     675.52   -71.3599   -492.741    413.966    549.449   -250.492   -328.514   -180.432   -11.8589    527.429   -221.523   -111.719    197.608    105.818   -78.4122   -913.876   -1042.85    266.313   -221.533   -706.083    461.578    337.448   -42.8062   -411.533   -471.535   -442.003   -710.721   -1.37918    4.15397    28.1498    139.554    375.158    336.239    403.924   -371.018     215.64   -180.109   -541.817    -90.045    163.295   -161.337    635.657   -217.194   -366.661   -131.566    -2.1303    177.608   -116.863
   13.7188   -1.40813    43.7445    190.333    27.3668    24.3915    13.6827    1.71099    31.3488    123.788    91.3117    45.6214    88.3261    95.7086   -9.83285    24.2963    24.8343    27.9975    29.5069    17.7426    1783.59    2971.41    1541.37    435.009   -3.19123   -314.578    91.4836   -2933.97   -2531.93   -3252.08    2456.21    1302.65   -2055.67   -1030.71   -616.973   -350.427   -331.885   -3001.36    -3341.3   -1613.08   -4026.46   -5328.12   -4447.27    364.648    1035.11    846.376    1159.81    938.084   -857.313   -631.669   -137.627    242.014   -61.6755   -383.272   -658.605    -169.67   -4.46593    -12.471   -1156.55   -39.2548    534.733    1027.07    1164.93    966.441     705.72    197.968     43.587   -114.054   -305.681   -735.923   -1348.85   -2148.89   -2440.02    831.034    785.447     1296.7    1081.51     1248.9    859.231   -2031.33   -1699.43    -1989.8   -4024.46   -4621.26   -4459.31    2394.27    873.608    2082.16    1062.55     640.85    781.125    1208.89    1440.32   -666.774   -9.81394     599.24    1444.88    1824.05   -1448.46    2077.38   -102.351    28.8158    201.234    660.464    1155.73    1657.21   -155.106    613.235     843.77    1061.09    204.375    1259.59   -1446.25    1163.26    3103.54    101.289   -1450.07    2043.51    2467.16   -578.093   -872.262   -334.608    203.293    2424.53   -475.563   -67.7035    1225.83    948.602     171.22   -3122.46   -3614.35       1605   -227.411   -2136.86    2473.99    1612.05    186.533   -1236.77   -1475.58   -1132.92   -2059.34    795.122    719.389    844.986     1386.4    2284.95    2119.81    2441.44   -620.676    1627.35   -203.918   -1645.85    78.4807    898.198   -308.922    2868.11   -372.389   -1029.96   -238.762    370.179    1066.14   -84.0387
   11.2371  -0.519011    34.0666    146.447    21.6486    19.3411    11.1046    2.04698    25.7243    91.3117    75.7446    37.5054    68.2116    73.3918   -6.81251    19.3382    19.4494    22.5526    24.1192    13.7964    1338.25    2228.93    1132.43     322.09   -30.2819   -270.976    43.9185   -2258.25   -1925.21   -2510.02    1845.85    971.309   -1603.65   -797.111   -483.464   -264.037   -276.427   -2303.79   -2562.55   -1241.03   -3097.61   -4096.99   -3423.39    236.814    757.578    619.448    871.341    682.709   -672.057   -535.864   -129.211    149.362   -75.3179   -346.929   -543.444    -147.96   -27.4188   -43.5024   -935.815   -93.5861    347.339    705.722    803.819    660.372    460.484    55.1369   -29.5216   -183.732   -316.496   -674.954   -1131.95   -1730.08   -1925.57    570.427    572.251    915.991    746.428    863.764    575.887   -1662.19   -1313.59   -1546.64   -3067.59   -3553.62   -3434.49    1819.25    634.061    1537.59    774.008    423.188     554.49    850.673    1052.34   -536.683   -36.5275    411.959    1092.33    1388.07   -1117.68    1570.39   -129.163    -23.349    88.5796    437.448    824.934    1214.19   -161.387    375.418    547.115    709.764     86.743    946.116   -1100.29    909.079    2338.27    47.0138   -1131.07    1533.54    1846.49   -518.833   -761.246   -352.797    59.8672    1775.68   -440.782    -131.82    948.501      742.2    140.472   -2390.75    -2765.3    1218.47   -182.545   -1648.15    1884.49    1178.13    68.8949   -952.126   -1185.88    -896.52   -1600.04    559.305    526.309     608.61    1025.02    1709.72    1580.07    1837.83    -524.74     1204.8   -185.203   -1279.74    41.3231    582.501   -348.691    2112.27   -359.822   -856.868    -261.49    217.056    764.792   -99.6719
   8.43384    3.07191    18.7012    67.9023    13.5943    12.2829    8.43237    4.10298    15.2692    45.6214    37.5054    24.5144    35.1012    35.8371    1.20604    13.7673    13.0697    13.3557    15.1308    9.90631    474.326    851.009    376.155    21.0797   -98.8704   -234.839   -80.9667   -1130.56   -967.933   -1230.96    680.208    325.801   -839.286    -477.95   -347.758   -265.363   -289.402   -1154.35   -1266.44   -699.225   -1540.29   -1993.59   -1724.54   -55.0788    165.369    131.005    241.421    167.372   -432.478   -394.787   -232.931   -104.276   -176.769    -326.69   -392.461   -222.431   -166.299    -179.82   -608.361    -209.17   -7.56754    119.181    189.315     144.74    41.8098   -155.821    -193.81   -270.078   -306.171   -498.926    -659.67   -954.263   -1005.01    79.1485     80.194    223.062        160    197.525    83.4966   -926.174   -705.474   -812.454   -1482.71    -1719.6   -1660.73    671.283    153.653    551.613    212.401    75.5333    126.074    271.891    355.201   -347.855   -135.601    76.8751    353.028    503.315   -603.992    564.293   -149.008   -134.885   -38.5486    77.5485    254.816    433.276   -194.022   -10.9912     46.747    125.212   -142.356    278.674   -632.934    289.533    876.466   -132.437   -671.153    516.585    667.377   -401.461   -519.383   -358.033   -144.461    599.736   -370.384   -227.598    290.513    208.861   -68.3898   -1191.61   -1366.52    421.138    -181.49   -856.587    705.816    362.289   -116.236    -495.13   -675.918   -495.914   -847.856    120.842    128.762    161.242    329.157    637.133    599.261    710.713   -342.075     427.43   -248.774   -717.987   -131.196    75.5158   -344.124    780.187   -320.552   -546.165   -269.213   -48.7007    181.159   -199.186
   10.9908   -1.78914    32.6408    145.085    20.8163    18.8647    10.7784    1.55104     24.772    88.3261    68.2116    35.1012    70.0176    72.4762   -7.69046    16.5458    20.3986    21.4232    22.7208    12.9972    1326.92    2190.78    1119.83    341.755   -3.50608   -240.192    73.0641   -2205.99    -1892.7   -2452.65    1850.27    972.547   -1592.11    -797.48   -476.704   -260.389   -260.198   -2254.97   -2512.89   -1213.05    -3070.4   -4046.49   -3424.62    268.746    774.803    659.424    899.573    750.915   -625.433   -479.415   -95.6242    167.816   -34.7776   -309.415   -504.529    -142.11   -36.3844   -43.7289   -885.391   -26.3479    422.512     817.35    901.655    750.625    580.284    152.672    52.5641   -92.1571   -241.023   -592.277   -1062.55   -1672.28   -1890.36    617.337    621.576    978.069    834.383    986.594    682.136   -1529.13   -1293.93   -1491.16   -3015.88   -3512.46   -3390.59    1774.67    647.852    1529.09     778.74      441.1    605.117    887.222     1079.8   -514.894   -48.4855    423.978    1060.69    1368.14   -1112.88    1549.39   -117.432   -32.0137    121.471    462.999    843.428    1221.73   -147.679    496.072    649.058     791.98    118.141    951.377   -1065.06    887.222    2356.07    99.7537   -1105.51    1532.77    1855.35   -475.673   -687.158   -274.822    183.555    1842.01   -359.326   -25.3274    932.303    753.154    134.893   -2387.39   -2745.09    1249.33   -156.713   -1610.69    1899.56    1254.51    160.801   -954.191   -1121.69   -891.573   -1589.96    575.255    557.326    648.597    1044.21       1726    1587.28    1844.29   -491.624    1228.85   -163.144   -1277.41    74.6863    696.989   -237.096    2199.74   -284.505   -769.252   -171.689     292.96    811.184   -83.7003
   11.5315   -2.91732    35.9283    163.355    21.8302    20.9081    11.0532 -0.0373738    26.9234    95.7086    73.3918    35.8371    72.4762    87.1848   -9.85469      18.33    20.5799    23.0669    24.0507    14.0258    1563.14    2570.69    1309.19     424.87   -3.32816   -266.431     87.105   -2483.45   -2149.68   -2780.27    2182.08    1142.06   -1742.26   -901.305   -511.142    -329.01   -277.896   -2597.25   -2857.99    -1370.8   -3444.84   -4561.74   -3801.55    349.645    968.158    772.166    1084.03    878.397   -656.672   -485.957   -66.7763    273.368    61.3888   -241.029   -480.399   -76.4561    73.9464    66.8968   -919.465    67.4289    598.001    1022.94    1152.04    957.995     758.58    324.566    180.876    20.0587    -111.76    -516.34   -1058.79    -1708.8   -1993.25    823.159    836.072    1280.54    1048.78    1253.18     896.24   -1613.95   -1451.67   -1675.38    -3415.1   -3959.96   -3812.31    2083.42    785.539    1778.48    945.192    524.035    649.303    987.395    1258.59   -575.441     15.725    516.237    1229.61    1587.41   -1228.31     1811.3   -112.855    36.2896    134.149    532.344    938.575    1376.98   -170.664    691.967    893.697    1070.93    307.524    1077.03    -1201.2    1001.73    2734.59    123.111   -1162.47    1821.37    2172.95    -378.76   -605.095   -133.731    333.187    2236.88   -270.592    88.8214    1078.74    844.424    145.932    -2636.2   -3084.41    1429.13   -170.003    -1834.4    2167.46    1537.68    307.914   -1059.02   -1200.51   -992.932   -1734.89    713.788    623.997    751.499    1224.11    1978.26     1812.2    2108.29   -545.024    1393.14   -99.4809   -1361.37    141.223    933.665   -95.6301    2628.29   -224.173   -783.144   -75.5531    431.406    1072.34    31.5647
   5.16261    7.19986 -0.0782147   -29.5194    3.18743    4.33619    4.84743    6.24679   0.676449   -9.83285   -6.81251    1.20604   -7.69046   -9.85469    11.9042    5.35782    3.56668    1.90014     3.1105     4.9766   -572.554   -787.088   -527.943   -342.193   -210.595   -170.902   -236.015    283.676    214.018    348.418   -740.532   -436.182    99.6638   -107.012   -191.125    -264.66   -297.524    217.298    282.351   -38.0288     400.12    630.283    431.611   -409.812   -549.514   -510.593   -568.645   -540.745   -192.745   -248.114   -379.365   -417.194   -362.275   -294.947   -227.261   -307.873   -330.285   -329.336   -148.752   -356.049   -441.507   -570.349   -600.297   -518.255   -514.531   -395.867   -377.086   -348.441   -290.646   -209.548   -81.4018    52.9119    152.778   -508.635   -473.974   -569.738   -560.139   -608.589   -490.987    9.64487    42.1974    76.0853    450.527    570.071    545.814   -712.948   -440.824   -619.392    -449.22   -346.135   -393.321   -425.507   -477.304   -82.5262   -241.196   -351.321     -521.9   -565.638    38.3655   -661.767   -195.178   -233.756   -247.933   -310.803   -432.651   -525.787   -178.699   -485.941   -529.045   -555.205    -373.82   -571.114    -25.461   -473.152   -954.041   -398.224   -105.891   -734.317   -811.899   -225.139   -198.422   -308.504   -404.974   -815.906   -255.046   -362.858   -528.121   -508.537   -351.617    274.338    344.568   -569.066   -222.818    126.126   -732.941   -634.021   -367.936    64.6947    -47.285    28.6031    117.238   -394.054   -350.838   -396.979   -508.522   -653.266   -620.964   -665.941   -111.489   -530.651   -332.219    -35.406   -382.713   -524.972   -324.268   -874.599    -238.61   -135.648   -293.509   -406.087    -536.84   -296.542
   8.52412    6.19459    13.2542    30.6255    9.47615    9.10138     7.9629    5.17645    9.22691    24.2963    19.3382    13.7673    16.5458      18.33    5.35782    25.2118    10.6162    9.69623    11.9759    9.72805    63.4247    253.733    73.5541   -142.324   -158.296   -223.393    -163.38   -673.981   -609.556    -726.01    40.4519   -22.8284    -537.57   -317.721   -266.166   -297.451   -328.808   -652.105   -667.502   -461.281   -774.173   -1021.39   -898.605   -163.384   -103.089   -42.2682    -74.576   -89.7097   -316.394   -330.635   -267.385   -223.022   -214.528   -296.131   -329.185   -299.485   -221.786   -193.758   -430.966   -243.946   -133.364   -77.7559   -95.8577   -82.4085   -149.562   -193.622   -242.658   -269.756   -251.442   -327.443   -387.404   -503.883   -483.959   -133.931   -134.801   -66.8889   -115.732   -109.644   -112.501   -523.726   -492.166   -526.475   -812.617   -919.704   -865.461     94.274   -90.9488    98.3387   -4.32867   -87.1998   -96.3954   -3.78536   -7.67883   -277.276   -180.189   -77.8426    21.3814    73.4424   -343.868    39.7027   -151.656    -142.14   -150.683   -94.5668   -16.8887    35.4866   -194.471   -181.095   -139.826   -90.1645   -190.886   -42.9536   -470.377    -43.897    193.691   -230.835   -411.127    32.7224    118.457   -293.673   -364.927   -300.244   -207.279     97.812   -295.211    -262.87   -78.2241   -130.385   -206.362   -652.965   -734.403   -35.4775   -257.473   -560.355    45.8331   -28.5125   -216.982   -306.037   -413.652   -299.875   -510.479   -98.8592   -121.479   -99.3418   -39.2256    111.612    80.8015    154.165   -260.362    32.6734   -286.114   -452.424   -240.325   -98.7627   -295.186    126.417   -298.104   -402.128   -264.536   -190.828   -85.4314   -234.149
   7.52785    4.75419    12.7762    35.3704    9.31813    9.18893    9.04453    5.73251     11.002    24.8343    19.4494    13.0697    20.3986    20.5799    3.56668    10.6162    24.1571    10.4339    11.2864    9.63499    102.917    292.292    6.95548   -141.152   -191.018   -290.334   -232.252   -679.031   -625.446   -774.994    234.317    88.1924   -511.857   -345.527   -341.557   -270.622   -315.145   -728.106   -759.509    -482.87   -925.974   -1156.45   -997.614   -115.251    3.36129   -13.0054    63.9408   -6.53884   -255.176    -296.23   -227.586   -155.218   -166.483   -248.689   -292.292   -206.093   -219.418    -149.13   -403.722   -169.563   -96.9792    23.7607    54.6714    16.2678   -59.5244   -133.505   -182.432   -211.103   -222.421   -322.694   -442.319   -549.136   -569.427   -45.9015   -8.13434    34.7933   -26.0314    15.9825    -39.379   -514.353    -529.09   -567.902   -882.439   -963.308   -973.902    200.484    -56.897    168.229   -58.9272   -66.2891   -70.7402  -0.941503    44.2994   -310.574   -157.214   -113.314   -22.5669    102.659   -505.225    132.279   -203.048    -180.41   -166.972   -114.238   -6.29974    82.7064   -220.997   -60.5072   -40.7375   -1.63921   -163.966    20.5703   -483.794   -55.8278    333.123   -148.058   -434.693    163.621    261.377   -271.834   -323.255   -226.304   -164.216    221.593   -257.627    -194.22   -34.9983   -110.188   -230.412   -706.748   -803.214    37.0851   -270.373   -569.211     203.98    93.8791    -130.94   -340.159   -409.137    -337.23   -591.061   -71.7553   -74.0722   -48.0213      29.09    186.813    155.155    228.205   -307.619    101.725   -221.219   -472.464   -156.165   -43.2344   -239.076    299.374   -243.187   -360.639   -209.664   -109.135    5.28794   -190.733
   7.36925    4.11446    13.7937    42.5619    9.90497    9.14405    7.84618    5.38314    12.4608    27.9975    22.5526    13.3557    21.4232    23.0669    1.90014    9.69623    10.4339    19.4607    10.8216     8.5043    203.361    427.027    94.4116   -127.492   -174.189   -280.919   -179.592   -769.215   -666.317   -778.528     355.84    150.123   -586.867   -350.527   -279.107   -219.931   -232.182   -777.547   -827.167   -504.476   -1021.73    -1301.7   -1151.73   -89.2255    101.388    41.2135    123.864    50.8456   -286.281    -243.04   -195.177    -70.718   -157.812   -220.447    -280.04   -185.064   -135.588   -148.137   -428.073   -151.579    11.6688    98.1236    146.635    96.2679    27.9405   -66.3072   -124.851   -149.674   -157.748   -275.311   -403.022   -600.731   -589.754    2.20004    21.8591    128.426    89.5791    150.298    50.3376   -544.703   -507.213   -555.818   -983.121    -1113.3   -1103.77    326.148    24.3048    228.656    3.41854   -69.3962   -42.4584    45.1213    109.255   -351.432   -171.642   -37.1874    71.8834      217.3   -500.673    255.152   -169.826   -153.885   -138.604   -51.9251    53.8807    172.911   -229.215    11.0648    44.7384    90.5546   -95.2583    132.059   -442.528    74.8576    509.249   -96.6116    -451.09    274.523    388.638   -283.793   -327.276   -207.414   -77.9283    370.045   -219.845    -166.27     99.285    26.8199   -126.194    -793.66   -899.344    168.131   -227.182   -602.419    357.033    218.372    -75.501   -365.032   -412.304   -378.944   -598.633   -11.3801    4.70041   -13.4931    62.8047    275.995    247.193    298.621   -305.165    141.283   -222.183   -506.416   -123.685       53.3   -192.386    476.262   -246.886   -341.068   -161.102   -49.0814    61.0506   -142.766
    9.4031     5.3386    15.5351    44.4817    10.7954    10.5238    7.85066    5.23305    12.1134    29.5069    24.1192    15.1308    22.7208    24.0507     3.1105    11.9759    11.2864    10.8216    20.6671    10.1522    146.638    382.997    111.958   -92.0024   -179.136   -236.674   -183.063       -869   -804.463   -925.975    263.414    94.3811   -646.658   -392.276   -298.322   -245.322   -284.102   -823.428   -897.673   -559.001   -1087.79    -1397.6   -1227.96   -112.739    38.7407     26.589    82.8183    38.8771   -314.024   -297.436   -245.747   -125.504   -188.188   -293.492   -338.155   -242.469   -214.423   -232.943    -441.38   -174.322    -48.941    40.9478    51.7714    51.8264   -50.3878    -138.22   -186.958   -224.088   -235.816   -356.747   -445.099   -661.158   -706.359     -46.68    -42.133    63.9183     32.001    51.5841   -6.65262   -614.653   -601.791   -649.626   -1081.89   -1215.92    -1153.4    259.865   -66.3081    227.108    11.0043   -30.3157   -36.2226    94.5239    139.164   -321.469   -202.541   -87.8684    86.2832    217.368   -490.628    221.561   -205.022   -169.286   -127.758   -21.9101     36.768    167.539   -208.605   -46.4377   -9.31673    38.7988   -151.567    91.6413   -547.919    40.8202    457.721   -160.563   -515.746    229.757    348.053   -322.846   -397.235   -273.312   -123.419    307.655   -282.174   -198.884    50.6696   -18.6473   -170.547   -863.585   -997.773    93.7911   -282.735   -686.939    264.339    160.894    -156.45   -392.439   -472.238   -393.498   -661.876   -72.0403   -40.7815   -9.22058    74.8362    268.878    263.786     309.97   -306.745    155.054   -264.977   -557.639   -188.487    27.3364   -234.327    411.866    -273.67   -413.706   -230.149   -99.6542    51.7268    -188.71
   8.27683    6.69962    11.7042    23.0035    7.94698     7.9409     7.7592    6.09871    9.12189    17.7426    13.7964    9.90631    12.9972    14.0258     4.9766    9.72805    9.63499     8.5043    10.1522    9.72888   -21.9501    81.3566   -71.7097   -189.183   -215.035   -251.997   -220.151   -571.562   -535.991    -595.83    -23.604   -62.2825   -403.438   -297.854   -274.808    -264.49    -297.99   -534.049   -565.989   -411.034   -642.325   -791.326   -718.128   -160.474   -94.8139   -112.181   -79.3974   -118.738   -268.524   -264.916   -261.812   -194.383   -204.685   -253.955   -280.702   -220.582   -211.537   -200.273   -325.998   -205.782   -142.438   -103.889   -76.7081   -75.3586    -147.91   -158.901   -194.928   -207.578   -213.595   -258.799   -303.854   -403.655   -396.939   -117.797   -117.065   -60.8083    -95.443   -93.2676   -102.533   -382.628   -464.635   -494.481   -675.681   -721.564   -678.948    -7.0742   -141.003   -3.93376   -121.181   -136.663   -147.916   -96.8997   -71.8823    -282.51   -185.699   -142.407    -83.777   -34.4988   -369.507   -6.76798   -168.499   -169.908   -161.783   -109.134   -89.1702   -41.8473   -208.452   -131.277   -110.436   -89.9515   -174.599   -87.9247   -426.901   -133.325    71.1445   -205.406   -371.128   -8.86705    42.8502   -250.923   -288.263     -226.4   -171.887    30.6655    -232.04   -205.088    -140.25   -179.826   -244.598   -517.054   -590.426   -132.203   -306.156   -490.099   -59.9649   -33.6687   -156.213   -240.656   -322.857   -255.906   -429.083   -151.338   -154.927   -148.251   -118.304   -10.9024   -16.2599    20.1823    -264.07   -59.4752   -267.073     -389.1   -214.338   -99.8673   -233.697    86.0466   -229.951   -302.408   -200.885   -156.793   -100.486   -194.167
  -73.3508   -328.107    494.105    3412.49    145.672    124.567   -82.2044   -289.487    288.542    1783.59    1338.25    474.326    1326.92    1563.14   -572.554    63.4247    102.917    203.361    146.638   -21.9501    53275.8    71478.7    42765.4    22502.7    10849.3     5426.6    12071.7   -45602.9   -36839.7   -53177.5    60546.4    35130.3   -25273.7   -7280.77    1455.08    6000.33    8667.83   -44977.5   -51537.1     -17681   -64200.1   -86473.3     -66698    23317.5      34527      30790    36880.2    31841.7    -3646.5    874.972    11858.1    18305.1      13341    6060.84    1198.39    11084.7    14410.2    15554.1   -3905.52    16366.8      25452    36456.7      38172    32782.8    29805.1    18864.9    16884.8    13172.7    8837.57   -192.436   -12312.1   -26531.6   -33995.8    33833.4    31971.6    41763.1    36707.3    41139.9    31554.5   -23630.1   -21766.3   -26136.9   -64812.3   -77133.8   -72916.5      60178    32994.9    53517.3    34118.4    23797.7    27714.5    33848.2    38294.3   -1632.59    14257.4    24279.6    41540.8    47778.3   -16400.3    56468.5    9403.05    11801.1    13986.4    22461.3    33617.6    42056.4    7635.64    27792.4    32253.3    35895.1    19010.3    37666.6     -15988    34324.1    73623.4    14966.4   -11831.8    52976.6      60583    3277.51   -1902.99    9210.45    19196.6    62876.6    4841.95      14266    35939.1    32486.3      15939   -46209.5   -56449.1    43001.9    7045.68   -29875.1      60844    46363.3    19495.7     -14807   -14725.1   -12999.6     -25946    27591.3    24877.2    28306.7    38909.2    55235.7    51626.6    57901.5   -1236.63    42953.2    11851.5   -18898.5    14808.6    32821.5    9442.79    70281.6    8140.38      -5050      10761    23238.5    35637.5    11707.7
   8.15437   -449.999    864.564    5532.27     387.09     297.03   -1.72914   -346.552    542.995    2971.41    2228.93    851.009    2190.78    2570.69   -787.088    253.733    292.292    427.027    382.997    81.3566    71478.7     111754    63740.7    32058.4    14977.8     5728.8    16618.5   -75015.5   -61750.5   -85052.3    91735.6    52384.6     -46917     -16401   -1937.29    5573.44    8881.02   -75159.3   -85080.5   -32868.7    -105521    -143889    -113932    29923.3    50145.1    43883.8    54145.2    46866.4   -8847.01   -2118.84    15809.3    25406.1    17534.5    6666.25   -2055.35    12727.4    17944.7    17569.1   -14748.2      19126    36633.3    52922.7    56818.8    48779.8    43657.7    25872.4    22477.9    16948.4    9639.66   -3017.01   -22839.3   -45912.7     -56753    46123.3    44604.3    60569.8    54213.7    60568.4    46467.8   -41127.9   -36700.3   -44572.4    -106854    -125893    -120099    89752.8    44815.6    79494.6      49677    33081.6    39531.4    48709.8    57623.9   -6533.77    15360.7    34114.8    61035.5      70486   -28724.1    80682.8      10207    14771.5      17947    31736.5    48639.5    62586.8    7337.46    39941.9    47245.1    53011.1    25883.1    54852.7   -27846.5    50857.8     113741    20885.3   -24114.8      80525    93030.3    1690.83   -6217.85    11261.2    26332.7    95369.4    4902.63    18364.9    54046.6    47330.6    21614.5   -79155.3     -93702    65637.1    8822.55   -50143.4    92119.9    68588.5    25587.6   -28190.9   -27809.8   -25093.9   -47499.2    38455.5    34719.7      40351    57076.8    83498.4    77892.8    88136.6   -5906.47    63222.7    13714.2   -32816.6    20651.1    47902.5    11674.2     107613    6831.91   -13149.3    12138.3    30916.6    51221.7      14148
